,image_name,pair_name
0,image_01640_p0_b0_c7.jpg,image_01640_p0_b1_c0.jpg
1,image_01640_p0_b1_c0.jpg,image_01640_p0_b0_c7.jpg
2,image_01641_p0_b0_c7.jpg,image_01641_p0_b1_c0.jpg
3,image_01641_p0_b1_c0.jpg,image_01641_p0_b0_c7.jpg
4,image_01642_p0_b0_c0.jpg,image_01642_p0_b1_c7.jpg
5,image_01642_p0_b1_c7.jpg,image_01642_p0_b0_c0.jpg
6,image_01644_p0_b0_c0.jpg,image_01644_p0_b1_c7.jpg
7,image_01644_p0_b1_c7.jpg,image_01644_p0_b0_c0.jpg
8,image_01647_p0_b0_c0.jpg,image_01647_p0_b1_c8.jpg
9,image_01647_p0_b1_c8.jpg,image_01647_p0_b0_c0.jpg
10,image_01650_p0_b0_c7.jpg,image_01650_p0_b1_c0.jpg
11,image_01650_p0_b1_c0.jpg,image_01650_p0_b0_c7.jpg
12,image_01653_p0_b0_c6.jpg,image_01653_p0_b1_c0.jpg
13,image_01653_p0_b1_c0.jpg,image_01653_p0_b0_c6.jpg
14,image_01659_p0_b0_c0.jpg,image_01659_p0_b1_c8.jpg
15,image_01659_p0_b1_c8.jpg,image_01659_p0_b0_c0.jpg
16,image_01659_p1_b0_c7.jpg,image_01659_p1_b1_c0.jpg
17,image_01659_p1_b1_c0.jpg,image_01659_p1_b0_c7.jpg
18,image_01663_p0_b0_c6.jpg,image_01663_p0_b2_c0.jpg
19,image_01663_p0_b2_c0.jpg,image_01663_p0_b0_c6.jpg
20,image_01665_p0_b0_c7.jpg,image_01665_p0_b1_c0.jpg
21,image_01665_p0_b1_c0.jpg,image_01665_p0_b0_c7.jpg
22,image_01666_p0_b0_c8.jpg,image_01666_p0_b1_c0.jpg
23,image_01666_p0_b1_c0.jpg,image_01666_p0_b0_c8.jpg
24,image_01667_p0_b0_c0.jpg,image_01667_p0_b1_c7.jpg
25,image_01667_p0_b1_c7.jpg,image_01667_p0_b0_c0.jpg
26,image_01670_p0_b0_c0.jpg,image_01670_p0_b1_c6.jpg
27,image_01670_p0_b1_c6.jpg,image_01670_p0_b0_c0.jpg
28,image_01671_p0_b0_c6.jpg,image_01671_p0_b1_c0.jpg
29,image_01671_p0_b1_c0.jpg,image_01671_p0_b0_c6.jpg
30,image_01672_p1_b0_c7.jpg,image_01672_p1_b1_c0.jpg
31,image_01672_p1_b1_c0.jpg,image_01672_p1_b0_c7.jpg
32,image_01673_p0_b0_c6.jpg,image_01673_p0_b2_c0.jpg
33,image_01673_p0_b2_c0.jpg,image_01673_p0_b0_c6.jpg
34,image_01674_p0_b0_c7.jpg,image_01674_p0_b1_c0.jpg
35,image_01674_p0_b1_c0.jpg,image_01674_p0_b0_c7.jpg
36,image_01676_p0_b0_c7.jpg,image_01676_p0_b2_c0.jpg
37,image_01676_p0_b2_c0.jpg,image_01676_p0_b0_c7.jpg
38,image_01676_p1_b0_c6.jpg,image_01676_p1_b1_c0.jpg
39,image_01676_p1_b1_c0.jpg,image_01676_p1_b0_c6.jpg
40,image_01676_p2_b0_c7.jpg,image_01676_p2_b1_c0.jpg
41,image_01676_p2_b1_c0.jpg,image_01676_p2_b0_c7.jpg
42,image_01684_p0_b0_c7.jpg,image_01684_p0_b1_c0.jpg
43,image_01684_p0_b1_c0.jpg,image_01684_p0_b0_c7.jpg
44,image_01690_p0_b0_c0.jpg,image_01690_p0_b1_c8.jpg
45,image_01690_p0_b1_c8.jpg,image_01690_p0_b0_c0.jpg
46,image_01695_p0_b0_c8.jpg,image_01695_p0_b1_c0.jpg
47,image_01695_p0_b1_c0.jpg,image_01695_p0_b0_c8.jpg
48,image_01699_p0_b0_c7.jpg,image_01699_p0_b2_c1.jpg
49,image_01699_p0_b2_c1.jpg,image_01699_p0_b0_c7.jpg
50,image_01701_p0_b0_c7.jpg,image_01701_p0_b1_c0.jpg
51,image_01701_p0_b1_c0.jpg,image_01701_p0_b0_c7.jpg
52,image_01708_p0_b0_c7.jpg,image_01708_p0_b1_c0.jpg
53,image_01708_p0_b1_c0.jpg,image_01708_p0_b0_c7.jpg
54,image_01710_p0_b0_c7.jpg,image_01710_p0_b1_c0.jpg
55,image_01710_p0_b1_c0.jpg,image_01710_p0_b0_c7.jpg
56,image_01712_p0_b0_c7.jpg,image_01712_p0_b1_c0.jpg
57,image_01712_p0_b1_c0.jpg,image_01712_p0_b0_c7.jpg
58,image_01713_p0_b0_c7.jpg,image_01713_p0_b1_c0.jpg
59,image_01713_p0_b1_c0.jpg,image_01713_p0_b0_c7.jpg
60,image_01714_p0_b0_c0.jpg,image_01714_p0_b1_c6.jpg
61,image_01714_p0_b1_c6.jpg,image_01714_p0_b0_c0.jpg
62,image_01715_p0_b0_c7.jpg,image_01715_p0_b1_c0.jpg
63,image_01715_p0_b1_c0.jpg,image_01715_p0_b0_c7.jpg
64,image_01722_p0_b1_c6.jpg,image_01722_p0_b2_c0.jpg
65,image_01722_p0_b2_c0.jpg,image_01722_p0_b1_c6.jpg
66,image_01731_p0_b0_c0.jpg,image_01731_p0_b1_c7.jpg
67,image_01731_p0_b1_c7.jpg,image_01731_p0_b0_c0.jpg
68,image_01733_p0_b0_c7.jpg,image_01733_p0_b1_c0.jpg
69,image_01733_p0_b1_c0.jpg,image_01733_p0_b0_c7.jpg
70,image_01736_p0_b0_c7.jpg,image_01736_p0_b1_c0.jpg
71,image_01736_p0_b1_c0.jpg,image_01736_p0_b0_c7.jpg
72,image_01738_p0_b0_c0.jpg,image_01738_p0_b2_c7.jpg
73,image_01738_p0_b2_c7.jpg,image_01738_p0_b0_c0.jpg
74,image_01740_p0_b0_c0.jpg,image_01740_p0_b1_c7.jpg
75,image_01740_p0_b1_c7.jpg,image_01740_p0_b0_c0.jpg
76,image_01741_p0_b0_c7.jpg,image_01741_p0_b2_c0.jpg
77,image_01741_p0_b2_c0.jpg,image_01741_p0_b0_c7.jpg
78,image_01741_p1_b0_c7.jpg,image_01741_p1_b1_c0.jpg
79,image_01741_p1_b1_c0.jpg,image_01741_p1_b0_c7.jpg
80,image_01742_p0_b0_c0.jpg,image_01742_p0_b1_c8.jpg
81,image_01742_p0_b1_c8.jpg,image_01742_p0_b0_c0.jpg
82,image_01747_p0_b0_c0.jpg,image_01747_p0_b1_c6.jpg
83,image_01747_p0_b1_c6.jpg,image_01747_p0_b0_c0.jpg
84,image_01748_p0_b0_c7.jpg,image_01748_p0_b1_c0.jpg
85,image_01748_p0_b1_c0.jpg,image_01748_p0_b0_c7.jpg
86,image_01750_p0_b0_c7.jpg,image_01750_p0_b2_c0.jpg
87,image_01750_p0_b2_c0.jpg,image_01750_p0_b0_c7.jpg
88,image_01753_p0_b0_c0.jpg,image_01753_p0_b1_c7.jpg
89,image_01753_p0_b1_c7.jpg,image_01753_p0_b0_c0.jpg
90,image_01755_p0_b0_c6.jpg,image_01755_p0_b1_c0.jpg
91,image_01755_p0_b1_c0.jpg,image_01755_p0_b0_c6.jpg
92,image_01757_p0_b0_c7.jpg,image_01757_p0_b1_c0.jpg
93,image_01757_p0_b1_c0.jpg,image_01757_p0_b0_c7.jpg
94,image_01762_p0_b0_c7.jpg,image_01762_p0_b1_c0.jpg
95,image_01762_p0_b1_c0.jpg,image_01762_p0_b0_c7.jpg
96,image_01766_p0_b0_c7.jpg,image_01766_p0_b1_c0.jpg
97,image_01766_p0_b1_c0.jpg,image_01766_p0_b0_c7.jpg
98,image_01767_p0_b0_c0.jpg,image_01767_p0_b1_c8.jpg
99,image_01767_p0_b1_c8.jpg,image_01767_p0_b0_c0.jpg
100,image_01768_p0_b0_c8.jpg,image_01768_p0_b1_c0.jpg
101,image_01768_p0_b1_c0.jpg,image_01768_p0_b0_c8.jpg
102,image_01769_p0_b0_c7.jpg,image_01769_p0_b1_c0.jpg
103,image_01769_p0_b1_c0.jpg,image_01769_p0_b0_c7.jpg
104,image_01770_p0_b0_c0.jpg,image_01770_p0_b1_c7.jpg
105,image_01770_p0_b1_c7.jpg,image_01770_p0_b0_c0.jpg
106,image_01775_p0_b0_c7.jpg,image_01775_p0_b1_c0.jpg
107,image_01775_p0_b1_c0.jpg,image_01775_p0_b0_c7.jpg
108,image_01776_p0_b0_c7.jpg,image_01776_p0_b1_c7.jpg
109,image_01776_p0_b1_c7.jpg,image_01776_p0_b0_c7.jpg
110,image_01780_p0_b0_c7.jpg,image_01780_p0_b1_c0.jpg
111,image_01780_p0_b1_c0.jpg,image_01780_p0_b0_c7.jpg
112,image_01781_p0_b0_c8.jpg,image_01781_p0_b1_c0.jpg
113,image_01781_p0_b1_c0.jpg,image_01781_p0_b0_c8.jpg
114,image_01786_p0_b0_c7.jpg,image_01786_p0_b1_c0.jpg
115,image_01786_p0_b1_c0.jpg,image_01786_p0_b0_c7.jpg
116,image_01788_p0_b0_c0.jpg,image_01788_p0_b1_c6.jpg
117,image_01788_p0_b1_c6.jpg,image_01788_p0_b0_c0.jpg
118,image_01790_p0_b0_c7.jpg,image_01797_p0_b2_c7.jpg
119,image_01797_p0_b2_c7.jpg,image_01790_p0_b0_c7.jpg
120,image_01797_p0_b4_c0.jpg,image_01799_p0_b0_c7.jpg
121,image_01799_p0_b0_c7.jpg,image_01797_p0_b4_c0.jpg
122,image_01799_p0_b1_c0.jpg,image_01806_p0_b0_c0.jpg
123,image_01806_p0_b0_c0.jpg,image_01799_p0_b1_c0.jpg
124,image_01806_p0_b1_c6.jpg,image_01807_p0_b0_c7.jpg
125,image_01807_p0_b0_c7.jpg,image_01806_p0_b1_c6.jpg
126,image_01807_p0_b1_c0.jpg,image_01811_p0_b0_c7.jpg
127,image_01811_p0_b0_c7.jpg,image_01807_p0_b1_c0.jpg
128,image_01811_p0_b1_c0.jpg,image_01813_p0_b0_c7.jpg
129,image_01813_p0_b0_c7.jpg,image_01811_p0_b1_c0.jpg
130,image_01813_p0_b1_c0.jpg,image_01815_p0_b0_c8.jpg
131,image_01815_p0_b0_c8.jpg,image_01813_p0_b1_c0.jpg
132,image_01815_p0_b1_c0.jpg,image_01816_p0_b0_c7.jpg
133,image_01816_p0_b0_c7.jpg,image_01815_p0_b1_c0.jpg
134,image_01816_p0_b1_c0.jpg,image_01817_p0_b0_c7.jpg
135,image_01817_p0_b0_c7.jpg,image_01816_p0_b1_c0.jpg
136,image_01817_p0_b1_c0.jpg,image_01818_p0_b0_c0.jpg
137,image_01818_p0_b0_c0.jpg,image_01817_p0_b1_c0.jpg
138,image_01818_p0_b3_c6.jpg,image_01818_p1_b0_c0.jpg
139,image_01818_p1_b0_c0.jpg,image_01818_p0_b3_c6.jpg
140,image_01818_p1_b3_c6.jpg,image_01820_p0_b0_c7.jpg
141,image_01820_p0_b0_c7.jpg,image_01818_p1_b3_c6.jpg
142,image_01820_p0_b1_c0.jpg,image_01823_p0_b0_c8.jpg
143,image_01823_p0_b0_c8.jpg,image_01820_p0_b1_c0.jpg
144,image_01823_p0_b1_c0.jpg,image_01828_p0_b0_c7.jpg
145,image_01828_p0_b0_c7.jpg,image_01823_p0_b1_c0.jpg
146,image_01828_p0_b1_c0.jpg,image_01830_p0_b0_c0.jpg
147,image_01830_p0_b0_c0.jpg,image_01828_p0_b1_c0.jpg
148,image_01830_p0_b1_c7.jpg,image_01839_p0_b0_c0.jpg
149,image_01839_p0_b0_c0.jpg,image_01830_p0_b1_c7.jpg
150,image_01839_p0_b1_c7.jpg,image_01842_p0_b0_c0.jpg
151,image_01842_p0_b0_c0.jpg,image_01839_p0_b1_c7.jpg
152,image_01842_p0_b1_c6.jpg,image_01847_p0_b0_c6.jpg
153,image_01847_p0_b0_c6.jpg,image_01842_p0_b1_c6.jpg
154,image_01847_p0_b1_c0.jpg,image_01849_p0_b0_c6.jpg
155,image_01849_p0_b0_c6.jpg,image_01847_p0_b1_c0.jpg
156,image_01849_p0_b1_c0.jpg,image_01849_p1_b0_c0.jpg
157,image_01849_p1_b0_c0.jpg,image_01849_p0_b1_c0.jpg
158,image_01849_p1_b1_c8.jpg,image_01851_p0_b0_c7.jpg
159,image_01851_p0_b0_c7.jpg,image_01849_p1_b1_c8.jpg
160,image_01851_p0_b1_c0.jpg,image_01854_p0_b0_c7.jpg
161,image_01854_p0_b0_c7.jpg,image_01851_p0_b1_c0.jpg
162,image_01854_p0_b1_c0.jpg,image_01855_p0_b0_c8.jpg
163,image_01855_p0_b0_c8.jpg,image_01854_p0_b1_c0.jpg
164,image_01855_p0_b1_c0.jpg,image_01858_p0_b0_c7.jpg
165,image_01858_p0_b0_c7.jpg,image_01855_p0_b1_c0.jpg
166,image_01858_p0_b1_c0.jpg,image_01859_p0_b0_c6.jpg
167,image_01859_p0_b0_c6.jpg,image_01858_p0_b1_c0.jpg
168,image_01859_p0_b2_c0.jpg,image_01863_p0_b0_c7.jpg
169,image_01863_p0_b0_c7.jpg,image_01859_p0_b2_c0.jpg
170,image_01863_p0_b1_c0.jpg,image_01868_p0_b0_c6.jpg
171,image_01868_p0_b0_c6.jpg,image_01863_p0_b1_c0.jpg
172,image_01868_p0_b1_c0.jpg,image_01876_p0_b0_c7.jpg
173,image_01876_p0_b0_c7.jpg,image_01868_p0_b1_c0.jpg
174,image_01876_p0_b1_c0.jpg,image_01877_p0_b0_c7.jpg
175,image_01877_p0_b0_c7.jpg,image_01876_p0_b1_c0.jpg
176,image_01877_p0_b1_c0.jpg,image_01881_p0_b0_c0.jpg
177,image_01881_p0_b0_c0.jpg,image_01877_p0_b1_c0.jpg
178,image_01881_p0_b1_c6.jpg,image_01886_p0_b0_c7.jpg
179,image_01886_p0_b0_c7.jpg,image_01881_p0_b1_c6.jpg
180,image_01886_p0_b1_c0.jpg,image_01888_p0_b0_c7.jpg
181,image_01888_p0_b0_c7.jpg,image_01886_p0_b1_c0.jpg
182,image_01888_p0_b1_c0.jpg,image_01894_p0_b0_c6.jpg
183,image_01894_p0_b0_c6.jpg,image_01888_p0_b1_c0.jpg
184,image_01894_p0_b1_c0.jpg,image_01909_p0_b0_c0.jpg
185,image_01909_p0_b0_c0.jpg,image_01894_p0_b1_c0.jpg
186,image_01909_p0_b1_c8.jpg,image_01914_p0_b0_c0.jpg
187,image_01914_p0_b0_c0.jpg,image_01909_p0_b1_c8.jpg
188,image_01914_p0_b1_c8.jpg,image_01918_p0_b0_c0.jpg
189,image_01918_p0_b0_c0.jpg,image_01914_p0_b1_c8.jpg
190,image_01918_p0_b1_c6.jpg,image_01919_p0_b2_c7.jpg
191,image_01919_p0_b2_c7.jpg,image_01918_p0_b1_c6.jpg
192,image_01919_p0_b3_c0.jpg,image_01920_p0_b0_c7.jpg
193,image_01920_p0_b0_c7.jpg,image_01919_p0_b3_c0.jpg
194,image_01920_p0_b1_c0.jpg,image_01923_p0_b0_c7.jpg
195,image_01923_p0_b0_c7.jpg,image_01920_p0_b1_c0.jpg
196,image_01923_p0_b1_c0.jpg,image_01925_p0_b0_c6.jpg
197,image_01925_p0_b0_c6.jpg,image_01923_p0_b1_c0.jpg
198,image_01925_p0_b1_c0.jpg,image_01926_p0_b0_c7.jpg
199,image_01926_p0_b0_c7.jpg,image_01925_p0_b1_c0.jpg
200,image_01926_p0_b1_c0.jpg,image_01930_p0_b0_c7.jpg
201,image_01930_p0_b0_c7.jpg,image_01926_p0_b1_c0.jpg
202,image_01930_p0_b1_c0.jpg,image_01931_p0_b0_c6.jpg
203,image_01931_p0_b0_c6.jpg,image_01930_p0_b1_c0.jpg
204,image_01931_p0_b1_c0.jpg,image_01945_p0_b0_c7.jpg
205,image_01945_p0_b0_c7.jpg,image_01931_p0_b1_c0.jpg
206,image_01947_p0_b0_c7.jpg,image_01947_p0_b1_c0.jpg
207,image_01947_p0_b1_c0.jpg,image_01947_p0_b0_c7.jpg
208,image_01954_p0_b0_c7.jpg,image_01954_p0_b1_c0.jpg
209,image_01954_p0_b1_c0.jpg,image_01954_p0_b0_c7.jpg
210,image_01959_p0_b0_c7.jpg,image_01959_p0_b1_c0.jpg
211,image_01959_p0_b1_c0.jpg,image_01959_p0_b0_c7.jpg
212,image_01963_p0_b0_c7.jpg,image_01963_p0_b1_c7.jpg
213,image_01963_p0_b1_c7.jpg,image_01963_p0_b0_c7.jpg
214,image_01964_p0_b0_c7.jpg,image_01964_p0_b1_c0.jpg
215,image_01964_p0_b1_c0.jpg,image_01964_p0_b0_c7.jpg
216,image_01965_p1_b1_c7.jpg,image_01965_p1_b3_c0.jpg
217,image_01965_p1_b3_c0.jpg,image_01965_p1_b1_c7.jpg
218,image_01967_p0_b0_c0.jpg,image_01967_p0_b1_c7.jpg
219,image_01967_p0_b1_c7.jpg,image_01967_p0_b0_c0.jpg
220,image_01967_p1_b0_c7.jpg,image_01967_p1_b1_c0.jpg
221,image_01967_p1_b1_c0.jpg,image_01967_p1_b0_c7.jpg
222,image_01969_p0_b0_c7.jpg,image_01969_p0_b1_c0.jpg
223,image_01969_p0_b1_c0.jpg,image_01969_p0_b0_c7.jpg
224,image_01970_p0_b0_c6.jpg,image_01970_p0_b1_c0.jpg
225,image_01970_p0_b1_c0.jpg,image_01970_p0_b0_c6.jpg
226,image_01976_p0_b0_c6.jpg,image_01976_p0_b1_c0.jpg
227,image_01976_p0_b1_c0.jpg,image_01976_p0_b0_c6.jpg
228,image_01980_p0_b0_c7.jpg,image_01980_p0_b1_c0.jpg
229,image_01980_p0_b1_c0.jpg,image_01980_p0_b0_c7.jpg
230,image_01983_p0_b0_c7.jpg,image_01983_p0_b1_c0.jpg
231,image_01983_p0_b1_c0.jpg,image_01983_p0_b0_c7.jpg
232,image_01985_p0_b0_c7.jpg,image_01985_p0_b1_c0.jpg
233,image_01985_p0_b1_c0.jpg,image_01985_p0_b0_c7.jpg
234,image_01986_p0_b0_c6.jpg,image_01986_p0_b1_c0.jpg
235,image_01986_p0_b1_c0.jpg,image_01986_p0_b0_c6.jpg
236,image_01987_p0_b0_c7.jpg,image_01987_p0_b1_c0.jpg
237,image_01987_p0_b1_c0.jpg,image_01987_p0_b0_c7.jpg
238,image_01989_p0_b0_c7.jpg,image_01989_p0_b2_c0.jpg
239,image_01989_p0_b2_c0.jpg,image_01989_p0_b0_c7.jpg
240,image_01993_p0_b0_c7.jpg,image_01993_p0_b2_c0.jpg
241,image_01993_p0_b2_c0.jpg,image_01993_p0_b0_c7.jpg
242,image_01995_p0_b0_c7.jpg,image_01995_p0_b1_c0.jpg
243,image_01995_p0_b1_c0.jpg,image_01995_p0_b0_c7.jpg
244,image_01996_p0_b0_c7.jpg,image_01996_p0_b1_c0.jpg
245,image_01996_p0_b1_c0.jpg,image_01996_p0_b0_c7.jpg
246,image_01997_p0_b0_c0.jpg,image_01997_p0_b1_c7.jpg
247,image_01997_p0_b1_c7.jpg,image_01997_p0_b0_c0.jpg
248,image_01999_p0_b0_c7.jpg,image_01999_p0_b1_c0.jpg
249,image_01999_p0_b1_c0.jpg,image_01999_p0_b0_c7.jpg
250,image_02001_p0_b0_c0.jpg,image_02001_p0_b1_c8.jpg
251,image_02001_p0_b1_c8.jpg,image_02001_p0_b0_c0.jpg
252,image_02002_p0_b0_c6.jpg,image_02002_p0_b1_c0.jpg
253,image_02002_p0_b1_c0.jpg,image_02002_p0_b0_c6.jpg
254,image_02006_p0_b0_c0.jpg,image_02006_p0_b1_c8.jpg
255,image_02006_p0_b1_c8.jpg,image_02006_p0_b0_c0.jpg
256,image_02008_p0_b0_c7.jpg,image_02008_p0_b1_c0.jpg
257,image_02008_p0_b1_c0.jpg,image_02008_p0_b0_c7.jpg
258,image_02009_p0_b0_c0.jpg,image_02009_p0_b1_c6.jpg
259,image_02009_p0_b1_c6.jpg,image_02009_p0_b0_c0.jpg
260,image_02016_p0_b0_c7.jpg,image_02016_p0_b1_c0.jpg
261,image_02016_p0_b1_c0.jpg,image_02016_p0_b0_c7.jpg
262,image_02021_p0_b0_c6.jpg,image_02021_p0_b1_c0.jpg
263,image_02021_p0_b1_c0.jpg,image_02021_p0_b0_c6.jpg
264,image_02022_p0_b0_c6.jpg,image_02022_p0_b2_c0.jpg
265,image_02022_p0_b2_c0.jpg,image_02022_p0_b0_c6.jpg
266,image_02026_p0_b0_c7.jpg,image_02026_p0_b1_c0.jpg
267,image_02026_p0_b1_c0.jpg,image_02026_p0_b0_c7.jpg
268,image_02028_p0_b0_c7.jpg,image_02028_p0_b1_c0.jpg
269,image_02028_p0_b1_c0.jpg,image_02028_p0_b0_c7.jpg
270,image_02033_p0_b0_c7.jpg,image_02033_p0_b1_c1.jpg
271,image_02033_p0_b1_c1.jpg,image_02033_p0_b0_c7.jpg
272,image_02041_p0_b0_c0.jpg,image_02041_p0_b1_c8.jpg
273,image_02041_p0_b1_c8.jpg,image_02041_p0_b0_c0.jpg
274,image_02044_p0_b0_c0.jpg,image_02044_p0_b2_c7.jpg
275,image_02044_p0_b2_c7.jpg,image_02044_p0_b0_c0.jpg
276,image_02047_p0_b0_c7.jpg,image_02047_p0_b1_c0.jpg
277,image_02047_p0_b1_c0.jpg,image_02047_p0_b0_c7.jpg
278,image_02049_p0_b0_c0.jpg,image_02049_p0_b1_c8.jpg
279,image_02049_p0_b1_c8.jpg,image_02049_p0_b0_c0.jpg
280,image_02050_p0_b0_c7.jpg,image_02050_p0_b1_c0.jpg
281,image_02050_p0_b1_c0.jpg,image_02050_p0_b0_c7.jpg
282,image_02055_p0_b0_c7.jpg,image_02055_p0_b1_c0.jpg
283,image_02055_p0_b1_c0.jpg,image_02055_p0_b0_c7.jpg
284,image_02059_p0_b0_c7.jpg,image_02059_p0_b1_c0.jpg
285,image_02059_p0_b1_c0.jpg,image_02059_p0_b0_c7.jpg
286,image_02063_p0_b0_c7.jpg,image_02063_p0_b1_c0.jpg
287,image_02063_p0_b1_c0.jpg,image_02063_p0_b0_c7.jpg
288,image_02065_p0_b0_c0.jpg,image_02065_p0_b1_c7.jpg
289,image_02065_p0_b1_c7.jpg,image_02065_p0_b0_c0.jpg
290,image_02067_p0_b0_c6.jpg,image_02067_p0_b1_c0.jpg
291,image_02067_p0_b1_c0.jpg,image_02067_p0_b0_c6.jpg
292,image_02074_p0_b0_c7.jpg,image_02074_p0_b2_c0.jpg
293,image_02074_p0_b2_c0.jpg,image_02074_p0_b0_c7.jpg
294,image_02080_p0_b0_c0.jpg,image_02080_p0_b1_c6.jpg
295,image_02080_p0_b1_c6.jpg,image_02080_p0_b0_c0.jpg
296,image_02087_p0_b0_c7.jpg,image_02087_p0_b1_c0.jpg
297,image_02087_p0_b1_c0.jpg,image_02087_p0_b0_c7.jpg
298,image_02090_p0_b0_c7.jpg,image_02090_p0_b1_c0.jpg
299,image_02090_p0_b1_c0.jpg,image_02090_p0_b0_c7.jpg
300,image_02093_p0_b0_c7.jpg,image_02093_p0_b1_c0.jpg
301,image_02093_p0_b1_c0.jpg,image_02093_p0_b0_c7.jpg
302,image_02100_p0_b1_c0.jpg,image_02100_p0_b2_c7.jpg
303,image_02100_p0_b2_c7.jpg,image_02100_p0_b1_c0.jpg
304,image_02114_p0_b0_c0.jpg,image_02114_p0_b1_c6.jpg
305,image_02114_p0_b1_c6.jpg,image_02114_p0_b0_c0.jpg
306,image_02114_p3_b0_c6.jpg,image_02114_p3_b1_c0.jpg
307,image_02114_p3_b1_c0.jpg,image_02114_p3_b0_c6.jpg
308,image_02117_p0_b0_c7.jpg,image_02117_p0_b1_c0.jpg
309,image_02117_p0_b1_c0.jpg,image_02117_p0_b0_c7.jpg
310,image_02120_p0_b0_c7.jpg,image_02120_p0_b1_c0.jpg
311,image_02120_p0_b1_c0.jpg,image_02120_p0_b0_c7.jpg
312,image_02125_p0_b0_c7.jpg,image_02125_p0_b1_c0.jpg
313,image_02125_p0_b1_c0.jpg,image_02125_p0_b0_c7.jpg
314,image_02128_p0_b0_c7.jpg,image_02128_p0_b1_c0.jpg
315,image_02128_p0_b1_c0.jpg,image_02128_p0_b0_c7.jpg
316,image_02129_p0_b0_c8.jpg,image_02129_p0_b1_c0.jpg
317,image_02129_p0_b1_c0.jpg,image_02129_p0_b0_c8.jpg
318,image_02133_p0_b0_c7.jpg,image_02133_p0_b1_c0.jpg
319,image_02133_p0_b1_c0.jpg,image_02133_p0_b0_c7.jpg
320,image_02137_p0_b0_c7.jpg,image_02137_p0_b1_c0.jpg
321,image_02137_p0_b1_c0.jpg,image_02137_p0_b0_c7.jpg
322,image_02140_p0_b0_c7.jpg,image_02140_p0_b1_c0.jpg
323,image_02140_p0_b1_c0.jpg,image_02140_p0_b0_c7.jpg
324,image_02143_p0_b0_c7.jpg,image_02143_p0_b1_c0.jpg
325,image_02143_p0_b1_c0.jpg,image_02143_p0_b0_c7.jpg
326,image_02144_p0_b0_c7.jpg,image_02144_p0_b1_c0.jpg
327,image_02144_p0_b1_c0.jpg,image_02144_p0_b0_c7.jpg
328,image_02155_p0_b0_c0.jpg,image_02155_p0_b1_c7.jpg
329,image_02155_p0_b1_c7.jpg,image_02155_p0_b0_c0.jpg
330,image_02157_p0_b0_c7.jpg,image_02157_p0_b1_c0.jpg
331,image_02157_p0_b1_c0.jpg,image_02157_p0_b0_c7.jpg
332,image_02158_p0_b0_c0.jpg,image_02158_p0_b1_c7.jpg
333,image_02158_p0_b1_c7.jpg,image_02158_p0_b0_c0.jpg
334,image_02159_p0_b0_c7.jpg,image_02159_p0_b2_c0.jpg
335,image_02159_p0_b2_c0.jpg,image_02159_p0_b0_c7.jpg
336,image_02161_p1_b0_c7.jpg,image_02161_p1_b1_c0.jpg
337,image_02161_p1_b1_c0.jpg,image_02161_p1_b0_c7.jpg
338,image_02163_p0_b0_c7.jpg,image_02163_p0_b1_c0.jpg
339,image_02163_p0_b1_c0.jpg,image_02163_p0_b0_c7.jpg
340,image_02174_p0_b0_c7.jpg,image_02174_p0_b1_c0.jpg
341,image_02174_p0_b1_c0.jpg,image_02174_p0_b0_c7.jpg
342,image_02177_p0_b0_c7.jpg,image_02177_p0_b1_c0.jpg
343,image_02177_p0_b1_c0.jpg,image_02177_p0_b0_c7.jpg
344,image_02179_p0_b0_c7.jpg,image_02179_p0_b1_c0.jpg
345,image_02179_p0_b1_c0.jpg,image_02179_p0_b0_c7.jpg
346,image_02182_p0_b0_c0.jpg,image_02182_p0_b2_c6.jpg
347,image_02182_p0_b2_c6.jpg,image_02182_p0_b0_c0.jpg
348,image_02184_p0_b0_c6.jpg,image_02184_p0_b1_c0.jpg
349,image_02184_p0_b1_c0.jpg,image_02184_p0_b0_c6.jpg
350,image_02185_p0_b0_c8.jpg,image_02185_p0_b1_c0.jpg
351,image_02185_p0_b1_c0.jpg,image_02185_p0_b0_c8.jpg
352,image_02186_p0_b0_c7.jpg,image_02186_p0_b1_c0.jpg
353,image_02186_p0_b1_c0.jpg,image_02186_p0_b0_c7.jpg
354,image_02188_p0_b0_c7.jpg,image_02188_p0_b1_c0.jpg
355,image_02188_p0_b1_c0.jpg,image_02188_p0_b0_c7.jpg
356,image_02190_p0_b1_c7.jpg,image_02190_p0_b2_c0.jpg
357,image_02190_p0_b2_c0.jpg,image_02190_p0_b1_c7.jpg
358,image_02191_p0_b0_c8.jpg,image_02191_p0_b1_c0.jpg
359,image_02191_p0_b1_c0.jpg,image_02191_p0_b0_c8.jpg
360,image_02192_p0_b0_c7.jpg,image_02192_p0_b1_c0.jpg
361,image_02192_p0_b1_c0.jpg,image_02192_p0_b0_c7.jpg
362,image_02193_p0_b0_c7.jpg,image_02193_p0_b1_c0.jpg
363,image_02193_p0_b1_c0.jpg,image_02193_p0_b0_c7.jpg
364,image_02195_p0_b0_c7.jpg,image_02195_p0_b1_c0.jpg
365,image_02195_p0_b1_c0.jpg,image_02195_p0_b0_c7.jpg
366,image_02197_p0_b0_c7.jpg,image_02197_p0_b1_c0.jpg
367,image_02197_p0_b1_c0.jpg,image_02197_p0_b0_c7.jpg
368,image_02203_p0_b0_c7.jpg,image_02203_p0_b1_c0.jpg
369,image_02203_p0_b1_c0.jpg,image_02203_p0_b0_c7.jpg
370,image_02205_p0_b0_c7.jpg,image_02205_p0_b1_c0.jpg
371,image_02205_p0_b1_c0.jpg,image_02205_p0_b0_c7.jpg
372,image_02206_p0_b0_c7.jpg,image_02206_p0_b1_c0.jpg
373,image_02206_p0_b1_c0.jpg,image_02206_p0_b0_c7.jpg
374,image_02208_p0_b0_c7.jpg,image_02208_p0_b1_c0.jpg
375,image_02208_p0_b1_c0.jpg,image_02208_p0_b0_c7.jpg
376,image_02209_p0_b0_c7.jpg,image_02209_p0_b1_c0.jpg
377,image_02209_p0_b1_c0.jpg,image_02209_p0_b0_c7.jpg
378,image_02212_p0_b0_c7.jpg,image_02212_p0_b1_c0.jpg
379,image_02212_p0_b1_c0.jpg,image_02212_p0_b0_c7.jpg
380,image_02213_p0_b0_c7.jpg,image_02213_p0_b1_c0.jpg
381,image_02213_p0_b1_c0.jpg,image_02213_p0_b0_c7.jpg
382,image_02215_p0_b0_c7.jpg,image_02215_p0_b1_c0.jpg
383,image_02215_p0_b1_c0.jpg,image_02215_p0_b0_c7.jpg
384,image_02225_p0_b0_c0.jpg,image_02225_p0_b1_c6.jpg
385,image_02225_p0_b1_c6.jpg,image_02225_p0_b0_c0.jpg
386,image_02227_p0_b0_c7.jpg,image_02227_p0_b1_c0.jpg
387,image_02227_p0_b1_c0.jpg,image_02227_p0_b0_c7.jpg
388,image_02229_p0_b0_c7.jpg,image_02229_p0_b1_c0.jpg
389,image_02229_p0_b1_c0.jpg,image_02229_p0_b0_c7.jpg
390,image_02230_p0_b0_c6.jpg,image_02230_p0_b1_c0.jpg
391,image_02230_p0_b1_c0.jpg,image_02230_p0_b0_c6.jpg
392,image_02233_p0_b0_c7.jpg,image_02233_p0_b2_c0.jpg
393,image_02233_p0_b2_c0.jpg,image_02233_p0_b0_c7.jpg
394,image_02234_p0_b0_c6.jpg,image_02234_p0_b2_c0.jpg
395,image_02234_p0_b2_c0.jpg,image_02234_p0_b0_c6.jpg
396,image_02235_p0_b0_c7.jpg,image_02235_p0_b1_c0.jpg
397,image_02235_p0_b1_c0.jpg,image_02235_p0_b0_c7.jpg
398,image_02240_p0_b0_c7.jpg,image_02240_p0_b1_c0.jpg
399,image_02240_p0_b1_c0.jpg,image_02240_p0_b0_c7.jpg
400,image_02243_p0_b0_c7.jpg,image_02243_p0_b1_c0.jpg
401,image_02243_p0_b1_c0.jpg,image_02243_p0_b0_c7.jpg
402,image_02253_p0_b0_c0.jpg,image_02253_p0_b1_c8.jpg
403,image_02253_p0_b1_c8.jpg,image_02253_p0_b0_c0.jpg
404,image_02254_p0_b0_c7.jpg,image_02254_p0_b2_c0.jpg
405,image_02254_p0_b2_c0.jpg,image_02254_p0_b0_c7.jpg
406,image_02257_p0_b0_c7.jpg,image_02257_p0_b1_c0.jpg
407,image_02257_p0_b1_c0.jpg,image_02257_p0_b0_c7.jpg
408,image_02257_p1_b0_c7.jpg,image_02257_p1_b1_c0.jpg
409,image_02257_p1_b1_c0.jpg,image_02257_p1_b0_c7.jpg
410,image_02262_p0_b0_c0.jpg,image_02262_p0_b1_c7.jpg
411,image_02262_p0_b1_c7.jpg,image_02262_p0_b0_c0.jpg
412,image_02269_p0_b0_c7.jpg,image_02269_p0_b1_c0.jpg
413,image_02269_p0_b1_c0.jpg,image_02269_p0_b0_c7.jpg
414,image_02271_p0_b0_c7.jpg,image_02271_p0_b1_c0.jpg
415,image_02271_p0_b1_c0.jpg,image_02271_p0_b0_c7.jpg
416,image_02272_p0_b0_c7.jpg,image_02272_p0_b1_c0.jpg
417,image_02272_p0_b1_c0.jpg,image_02272_p0_b0_c7.jpg
418,image_02282_p0_b0_c7.jpg,image_02282_p0_b1_c0.jpg
419,image_02282_p0_b1_c0.jpg,image_02282_p0_b0_c7.jpg
420,image_02284_p0_b0_c7.jpg,image_02284_p0_b1_c0.jpg
421,image_02284_p0_b1_c0.jpg,image_02284_p0_b0_c7.jpg
422,image_02285_p0_b0_c7.jpg,image_02285_p0_b1_c0.jpg
423,image_02285_p0_b1_c0.jpg,image_02285_p0_b0_c7.jpg
424,image_02287_p0_b0_c7.jpg,image_02287_p0_b1_c0.jpg
425,image_02287_p0_b1_c0.jpg,image_02287_p0_b0_c7.jpg
426,image_02296_p0_b0_c0.jpg,image_02296_p0_b1_c7.jpg
427,image_02296_p0_b1_c7.jpg,image_02296_p0_b0_c0.jpg
428,image_02297_p0_b0_c7.jpg,image_02297_p0_b1_c0.jpg
429,image_02297_p0_b1_c0.jpg,image_02297_p0_b0_c7.jpg
430,image_02301_p0_b0_c6.jpg,image_02301_p0_b1_c0.jpg
431,image_02301_p0_b1_c0.jpg,image_02301_p0_b0_c6.jpg
432,image_02303_p0_b0_c7.jpg,image_02303_p0_b1_c0.jpg
433,image_02303_p0_b1_c0.jpg,image_02303_p0_b0_c7.jpg
434,image_02304_p0_b0_c7.jpg,image_02304_p0_b2_c0.jpg
435,image_02304_p0_b2_c0.jpg,image_02304_p0_b0_c7.jpg
436,image_02305_p0_b0_c7.jpg,image_02305_p0_b1_c0.jpg
437,image_02305_p0_b1_c0.jpg,image_02305_p0_b0_c7.jpg
438,image_02313_p0_b0_c0.jpg,image_02313_p0_b1_c7.jpg
439,image_02313_p0_b1_c7.jpg,image_02313_p0_b0_c0.jpg
440,image_02316_p0_b0_c7.jpg,image_02316_p0_b1_c0.jpg
441,image_02316_p0_b1_c0.jpg,image_02316_p0_b0_c7.jpg
442,image_02317_p0_b0_c7.jpg,image_02317_p0_b2_c0.jpg
443,image_02317_p0_b2_c0.jpg,image_02317_p0_b0_c7.jpg
444,image_02318_p0_b0_c7.jpg,image_02318_p0_b1_c0.jpg
445,image_02318_p0_b1_c0.jpg,image_02318_p0_b0_c7.jpg
446,image_02322_p0_b0_c7.jpg,image_02322_p0_b1_c0.jpg
447,image_02322_p0_b1_c0.jpg,image_02322_p0_b0_c7.jpg
448,image_02323_p0_b0_c7.jpg,image_02323_p0_b1_c0.jpg
449,image_02323_p0_b1_c0.jpg,image_02323_p0_b0_c7.jpg
450,image_02324_p0_b0_c7.jpg,image_02324_p0_b1_c7.jpg
451,image_02324_p0_b1_c7.jpg,image_02324_p0_b0_c7.jpg
452,image_02326_p0_b1_c0.jpg,image_02326_p0_b3_c7.jpg
453,image_02326_p0_b3_c7.jpg,image_02326_p0_b1_c0.jpg
454,image_02327_p0_b0_c0.jpg,image_02327_p0_b2_c7.jpg
455,image_02327_p0_b2_c7.jpg,image_02327_p0_b0_c0.jpg
456,image_02330_p0_b0_c7.jpg,image_02330_p0_b1_c0.jpg
457,image_02330_p0_b1_c0.jpg,image_02330_p0_b0_c7.jpg
458,image_02332_p0_b0_c7.jpg,image_02332_p0_b1_c0.jpg
459,image_02332_p0_b1_c0.jpg,image_02332_p0_b0_c7.jpg
460,image_02333_p0_b0_c7.jpg,image_02333_p0_b1_c0.jpg
461,image_02333_p0_b1_c0.jpg,image_02333_p0_b0_c7.jpg
462,image_02341_p0_b0_c7.jpg,image_02341_p0_b1_c0.jpg
463,image_02341_p0_b1_c0.jpg,image_02341_p0_b0_c7.jpg
464,image_02351_p0_b0_c7.jpg,image_02351_p0_b1_c0.jpg
465,image_02351_p0_b1_c0.jpg,image_02351_p0_b0_c7.jpg
466,image_02355_p0_b0_c7.jpg,image_02355_p0_b2_c0.jpg
467,image_02355_p0_b2_c0.jpg,image_02355_p0_b0_c7.jpg
468,image_02362_p0_b0_c7.jpg,image_02362_p0_b1_c0.jpg
469,image_02362_p0_b1_c0.jpg,image_02362_p0_b0_c7.jpg
470,image_02366_p0_b0_c7.jpg,image_02366_p0_b1_c0.jpg
471,image_02366_p0_b1_c0.jpg,image_02366_p0_b0_c7.jpg
472,image_02369_p0_b0_c6.jpg,image_02369_p0_b1_c0.jpg
473,image_02369_p0_b1_c0.jpg,image_02369_p0_b0_c6.jpg
474,image_02370_p0_b1_c0.jpg,image_02370_p0_b2_c6.jpg
475,image_02370_p0_b2_c6.jpg,image_02370_p0_b1_c0.jpg
476,image_02371_p0_b0_c7.jpg,image_02371_p0_b1_c0.jpg
477,image_02371_p0_b1_c0.jpg,image_02371_p0_b0_c7.jpg
478,image_02372_p0_b0_c7.jpg,image_02372_p0_b1_c0.jpg
479,image_02372_p0_b1_c0.jpg,image_02372_p0_b0_c7.jpg
480,image_02373_p0_b0_c7.jpg,image_02373_p0_b1_c0.jpg
481,image_02373_p0_b1_c0.jpg,image_02373_p0_b0_c7.jpg
482,image_02374_p0_b0_c0.jpg,image_02374_p0_b1_c7.jpg
483,image_02374_p0_b1_c7.jpg,image_02374_p0_b0_c0.jpg
484,image_02375_p0_b0_c7.jpg,image_02375_p0_b1_c0.jpg
485,image_02375_p0_b1_c0.jpg,image_02375_p0_b0_c7.jpg
486,image_02376_p0_b0_c7.jpg,image_02376_p0_b1_c0.jpg
487,image_02376_p0_b1_c0.jpg,image_02376_p0_b0_c7.jpg
488,image_02379_p0_b0_c7.jpg,image_02379_p0_b1_c0.jpg
489,image_02379_p0_b1_c0.jpg,image_02379_p0_b0_c7.jpg
490,image_02383_p0_b0_c7.jpg,image_02383_p0_b1_c0.jpg
491,image_02383_p0_b1_c0.jpg,image_02383_p0_b0_c7.jpg
492,image_02384_p0_b0_c7.jpg,image_02384_p0_b1_c0.jpg
493,image_02384_p0_b1_c0.jpg,image_02384_p0_b0_c7.jpg
494,image_02387_p0_b0_c0.jpg,image_02387_p0_b2_c7.jpg
495,image_02387_p0_b2_c7.jpg,image_02387_p0_b0_c0.jpg
496,image_02392_p0_b0_c7.jpg,image_02392_p0_b1_c0.jpg
497,image_02392_p0_b1_c0.jpg,image_02392_p0_b0_c7.jpg
498,image_02394_p0_b0_c7.jpg,image_02394_p0_b1_c0.jpg
499,image_02394_p0_b1_c0.jpg,image_02394_p0_b0_c7.jpg
500,image_02397_p0_b0_c7.jpg,image_02397_p0_b1_c0.jpg
501,image_02397_p0_b1_c0.jpg,image_02397_p0_b0_c7.jpg
502,image_02401_p0_b0_c7.jpg,image_02401_p0_b1_c0.jpg
503,image_02401_p0_b1_c0.jpg,image_02401_p0_b0_c7.jpg
504,image_02408_p0_b0_c7.jpg,image_02408_p0_b1_c0.jpg
505,image_02408_p0_b1_c0.jpg,image_02408_p0_b0_c7.jpg
506,image_02409_p0_b0_c7.jpg,image_02409_p0_b1_c0.jpg
507,image_02409_p0_b1_c0.jpg,image_02409_p0_b0_c7.jpg
508,image_02412_p0_b0_c7.jpg,image_02412_p0_b1_c0.jpg
509,image_02412_p0_b1_c0.jpg,image_02412_p0_b0_c7.jpg
510,image_02413_p0_b0_c6.jpg,image_02413_p0_b1_c0.jpg
511,image_02413_p0_b1_c0.jpg,image_02413_p0_b0_c6.jpg
512,image_02419_p0_b0_c0.jpg,image_02419_p0_b1_c8.jpg
513,image_02419_p0_b1_c8.jpg,image_02419_p0_b0_c0.jpg
514,image_02421_p0_b0_c7.jpg,image_02421_p0_b1_c0.jpg
515,image_02421_p0_b1_c0.jpg,image_02421_p0_b0_c7.jpg
516,image_02422_p0_b0_c7.jpg,image_02422_p0_b1_c0.jpg
517,image_02422_p0_b1_c0.jpg,image_02422_p0_b0_c7.jpg
518,image_02433_p0_b0_c7.jpg,image_02433_p0_b1_c0.jpg
519,image_02433_p0_b1_c0.jpg,image_02433_p0_b0_c7.jpg
520,image_02435_p0_b0_c7.jpg,image_02435_p0_b1_c0.jpg
521,image_02435_p0_b1_c0.jpg,image_02435_p0_b0_c7.jpg
522,image_02440_p0_b0_c7.jpg,image_02440_p0_b1_c0.jpg
523,image_02440_p0_b1_c0.jpg,image_02440_p0_b0_c7.jpg
524,image_02448_p0_b0_c7.jpg,image_02448_p0_b1_c0.jpg
525,image_02448_p0_b1_c0.jpg,image_02448_p0_b0_c7.jpg
526,image_02452_p0_b0_c7.jpg,image_02452_p0_b1_c0.jpg
527,image_02452_p0_b1_c0.jpg,image_02452_p0_b0_c7.jpg
528,image_02453_p0_b0_c7.jpg,image_02453_p0_b1_c0.jpg
529,image_02453_p0_b1_c0.jpg,image_02453_p0_b0_c7.jpg
530,image_02454_p0_b0_c7.jpg,image_02454_p0_b1_c0.jpg
531,image_02454_p0_b1_c0.jpg,image_02454_p0_b0_c7.jpg
532,image_02455_p0_b0_c6.jpg,image_02455_p0_b1_c0.jpg
533,image_02455_p0_b1_c0.jpg,image_02455_p0_b0_c6.jpg
534,image_02459_p0_b0_c0.jpg,image_02459_p0_b1_c7.jpg
535,image_02459_p0_b1_c7.jpg,image_02459_p0_b0_c0.jpg
536,image_02462_p0_b0_c7.jpg,image_02462_p0_b1_c0.jpg
537,image_02462_p0_b1_c0.jpg,image_02462_p0_b0_c7.jpg
538,image_02465_p0_b0_c6.jpg,image_02465_p0_b1_c0.jpg
539,image_02465_p0_b1_c0.jpg,image_02465_p0_b0_c6.jpg
540,image_02469_p0_b0_c0.jpg,image_02469_p0_b1_c7.jpg
541,image_02469_p0_b1_c7.jpg,image_02469_p0_b0_c0.jpg
542,image_02470_p0_b0_c6.jpg,image_02470_p0_b1_c0.jpg
543,image_02470_p0_b1_c0.jpg,image_02470_p0_b0_c6.jpg
544,image_02480_p0_b0_c7.jpg,image_02480_p0_b1_c0.jpg
545,image_02480_p0_b1_c0.jpg,image_02480_p0_b0_c7.jpg
546,image_02481_p0_b0_c7.jpg,image_02481_p0_b1_c0.jpg
547,image_02481_p0_b1_c0.jpg,image_02481_p0_b0_c7.jpg
548,image_02485_p0_b0_c0.jpg,image_02485_p0_b1_c7.jpg
549,image_02485_p0_b1_c7.jpg,image_02485_p0_b0_c0.jpg
550,image_02486_p0_b0_c7.jpg,image_02486_p0_b1_c0.jpg
551,image_02486_p0_b1_c0.jpg,image_02486_p0_b0_c7.jpg
552,image_02488_p0_b0_c7.jpg,image_02488_p0_b1_c0.jpg
553,image_02488_p0_b1_c0.jpg,image_02488_p0_b0_c7.jpg
554,image_02489_p0_b0_c7.jpg,image_02489_p0_b1_c0.jpg
555,image_02489_p0_b1_c0.jpg,image_02489_p0_b0_c7.jpg
556,image_02498_p0_b0_c7.jpg,image_02498_p0_b1_c0.jpg
557,image_02498_p0_b1_c0.jpg,image_02498_p0_b0_c7.jpg
558,image_02508_p0_b0_c6.jpg,image_02508_p0_b1_c0.jpg
559,image_02508_p0_b1_c0.jpg,image_02508_p0_b0_c6.jpg
560,image_02511_p0_b0_c7.jpg,image_02511_p0_b1_c0.jpg
561,image_02511_p0_b1_c0.jpg,image_02511_p0_b0_c7.jpg
562,image_02512_p0_b0_c7.jpg,image_02512_p0_b1_c0.jpg
563,image_02512_p0_b1_c0.jpg,image_02512_p0_b0_c7.jpg
564,image_02513_p0_b0_c0.jpg,image_02513_p0_b1_c8.jpg
565,image_02513_p0_b1_c8.jpg,image_02513_p0_b0_c0.jpg
566,image_02514_p0_b0_c7.jpg,image_02514_p0_b1_c0.jpg
567,image_02514_p0_b1_c0.jpg,image_02514_p0_b0_c7.jpg
568,image_02515_p0_b0_c6.jpg,image_02515_p0_b2_c0.jpg
569,image_02515_p0_b2_c0.jpg,image_02515_p0_b0_c6.jpg
570,image_02518_p0_b1_c7.jpg,image_02518_p0_b2_c0.jpg
571,image_02518_p0_b2_c0.jpg,image_02518_p0_b1_c7.jpg
572,image_02520_p0_b0_c0.jpg,image_02520_p0_b2_c7.jpg
573,image_02520_p0_b2_c7.jpg,image_02520_p0_b0_c0.jpg
574,image_02524_p0_b0_c7.jpg,image_02524_p0_b1_c0.jpg
575,image_02524_p0_b1_c0.jpg,image_02524_p0_b0_c7.jpg
576,image_02527_p0_b0_c7.jpg,image_02527_p0_b1_c0.jpg
577,image_02527_p0_b1_c0.jpg,image_02527_p0_b0_c7.jpg
578,image_02531_p0_b0_c0.jpg,image_02531_p0_b1_c6.jpg
579,image_02531_p0_b1_c6.jpg,image_02531_p0_b0_c0.jpg
580,image_02539_p0_b0_c7.jpg,image_02539_p0_b3_c0.jpg
581,image_02539_p0_b3_c0.jpg,image_02539_p0_b0_c7.jpg
582,image_02540_p0_b0_c7.jpg,image_02540_p0_b1_c0.jpg
583,image_02540_p0_b1_c0.jpg,image_02540_p0_b0_c7.jpg
584,image_02553_p0_b0_c0.jpg,image_02553_p0_b1_c8.jpg
585,image_02553_p0_b1_c8.jpg,image_02553_p0_b0_c0.jpg
586,image_02554_p0_b0_c7.jpg,image_02554_p0_b2_c0.jpg
587,image_02554_p0_b2_c0.jpg,image_02554_p0_b0_c7.jpg
588,image_02559_p0_b0_c6.jpg,image_02559_p0_b1_c0.jpg
589,image_02559_p0_b1_c0.jpg,image_02559_p0_b0_c6.jpg
590,image_02561_p0_b0_c7.jpg,image_02561_p0_b1_c0.jpg
591,image_02561_p0_b1_c0.jpg,image_02561_p0_b0_c7.jpg
592,image_02562_p0_b0_c7.jpg,image_02562_p0_b1_c0.jpg
593,image_02562_p0_b1_c0.jpg,image_02562_p0_b0_c7.jpg
594,image_02566_p0_b0_c0.jpg,image_02566_p0_b1_c6.jpg
595,image_02566_p0_b1_c6.jpg,image_02566_p0_b0_c0.jpg
596,image_02567_p0_b0_c8.jpg,image_02567_p0_b1_c0.jpg
597,image_02567_p0_b1_c0.jpg,image_02567_p0_b0_c8.jpg
598,image_02568_p0_b1_c0.jpg,image_02568_p0_b2_c7.jpg
599,image_02568_p0_b2_c7.jpg,image_02568_p0_b1_c0.jpg
600,image_02574_p0_b0_c0.jpg,image_02574_p0_b1_c6.jpg
601,image_02574_p0_b1_c6.jpg,image_02574_p0_b0_c0.jpg
602,image_02575_p0_b0_c7.jpg,image_02575_p0_b1_c0.jpg
603,image_02575_p0_b1_c0.jpg,image_02575_p0_b0_c7.jpg
604,image_02577_p0_b0_c7.jpg,image_02577_p0_b1_c0.jpg
605,image_02577_p0_b1_c0.jpg,image_02577_p0_b0_c7.jpg
606,image_02580_p0_b0_c7.jpg,image_02580_p0_b1_c0.jpg
607,image_02580_p0_b1_c0.jpg,image_02580_p0_b0_c7.jpg
608,image_02583_p2_b0_c7.jpg,image_02583_p2_b1_c0.jpg
609,image_02583_p2_b1_c0.jpg,image_02583_p2_b0_c7.jpg
610,image_02585_p0_b0_c0.jpg,image_02585_p0_b1_c6.jpg
611,image_02585_p0_b1_c6.jpg,image_02585_p0_b0_c0.jpg
612,image_02590_p0_b0_c7.jpg,image_02590_p0_b1_c0.jpg
613,image_02590_p0_b1_c0.jpg,image_02590_p0_b0_c7.jpg
614,image_02592_p0_b0_c7.jpg,image_02592_p0_b1_c0.jpg
615,image_02592_p0_b1_c0.jpg,image_02592_p0_b0_c7.jpg
616,image_02593_p0_b0_c7.jpg,image_02593_p0_b1_c0.jpg
617,image_02593_p0_b1_c0.jpg,image_02593_p0_b0_c7.jpg
618,image_02597_p0_b1_c0.jpg,image_02597_p0_b2_c8.jpg
619,image_02597_p0_b2_c8.jpg,image_02597_p0_b1_c0.jpg
620,image_02600_p0_b0_c7.jpg,image_02600_p0_b1_c0.jpg
621,image_02600_p0_b1_c0.jpg,image_02600_p0_b0_c7.jpg
622,image_02601_p0_b0_c0.jpg,image_02601_p0_b1_c7.jpg
623,image_02601_p0_b1_c7.jpg,image_02601_p0_b0_c0.jpg
624,image_02604_p0_b0_c7.jpg,image_02604_p0_b1_c0.jpg
625,image_02604_p0_b1_c0.jpg,image_02604_p0_b0_c7.jpg
626,image_02609_p0_b0_c7.jpg,image_02609_p0_b1_c0.jpg
627,image_02609_p0_b1_c0.jpg,image_02609_p0_b0_c7.jpg
628,image_02610_p0_b0_c0.jpg,image_02610_p0_b1_c7.jpg
629,image_02610_p0_b1_c7.jpg,image_02610_p0_b0_c0.jpg
630,image_02614_p0_b0_c0.jpg,image_02614_p0_b1_c8.jpg
631,image_02614_p0_b1_c8.jpg,image_02614_p0_b0_c0.jpg
632,image_02617_p0_b0_c6.jpg,image_02617_p0_b1_c0.jpg
633,image_02617_p0_b1_c0.jpg,image_02617_p0_b0_c6.jpg
634,image_02619_p0_b0_c7.jpg,image_02619_p0_b1_c0.jpg
635,image_02619_p0_b1_c0.jpg,image_02619_p0_b0_c7.jpg
636,image_02621_p0_b0_c7.jpg,image_02621_p0_b1_c0.jpg
637,image_02621_p0_b1_c0.jpg,image_02621_p0_b0_c7.jpg
638,image_02627_p0_b0_c6.jpg,image_02627_p0_b1_c0.jpg
639,image_02627_p0_b1_c0.jpg,image_02627_p0_b0_c6.jpg
640,image_02628_p0_b0_c7.jpg,image_02628_p0_b1_c0.jpg
641,image_02628_p0_b1_c0.jpg,image_02628_p0_b0_c7.jpg
642,image_02631_p0_b0_c7.jpg,image_02631_p0_b1_c0.jpg
643,image_02631_p0_b1_c0.jpg,image_02631_p0_b0_c7.jpg
644,image_02633_p0_b0_c7.jpg,image_02633_p0_b1_c0.jpg
645,image_02633_p0_b1_c0.jpg,image_02633_p0_b0_c7.jpg
646,image_02635_p0_b0_c7.jpg,image_02635_p0_b2_c0.jpg
647,image_02635_p0_b2_c0.jpg,image_02635_p0_b0_c7.jpg
648,image_02636_p0_b0_c7.jpg,image_02636_p0_b2_c0.jpg
649,image_02636_p0_b2_c0.jpg,image_02636_p0_b0_c7.jpg
650,image_02637_p0_b0_c7.jpg,image_02637_p0_b1_c0.jpg
651,image_02637_p0_b1_c0.jpg,image_02637_p0_b0_c7.jpg
652,image_02638_p0_b0_c7.jpg,image_02638_p0_b1_c0.jpg
653,image_02638_p0_b1_c0.jpg,image_02638_p0_b0_c7.jpg
654,image_02643_p0_b1_c6.jpg,image_02643_p0_b2_c0.jpg
655,image_02643_p0_b2_c0.jpg,image_02643_p0_b1_c6.jpg
656,image_02647_p0_b1_c7.jpg,image_02647_p0_b2_c0.jpg
657,image_02647_p0_b2_c0.jpg,image_02647_p0_b1_c7.jpg
658,image_02648_p0_b0_c0.jpg,image_02648_p0_b2_c6.jpg
659,image_02648_p0_b2_c6.jpg,image_02648_p0_b0_c0.jpg
660,image_02649_p0_b0_c8.jpg,image_02649_p0_b1_c0.jpg
661,image_02649_p0_b1_c0.jpg,image_02649_p0_b0_c8.jpg
662,image_02661_p0_b0_c7.jpg,image_02661_p0_b1_c0.jpg
663,image_02661_p0_b1_c0.jpg,image_02661_p0_b0_c7.jpg
664,image_02668_p0_b0_c7.jpg,image_02668_p0_b1_c0.jpg
665,image_02668_p0_b1_c0.jpg,image_02668_p0_b0_c7.jpg
666,image_02671_p0_b0_c7.jpg,image_02671_p0_b2_c0.jpg
667,image_02671_p0_b2_c0.jpg,image_02671_p0_b0_c7.jpg
668,image_02674_p0_b0_c7.jpg,image_02674_p0_b1_c0.jpg
669,image_02674_p0_b1_c0.jpg,image_02674_p0_b0_c7.jpg
670,image_02675_p0_b0_c6.jpg,image_02675_p0_b2_c0.jpg
671,image_02675_p0_b2_c0.jpg,image_02675_p0_b0_c6.jpg
672,image_02677_p0_b0_c6.jpg,image_02677_p0_b1_c0.jpg
673,image_02677_p0_b1_c0.jpg,image_02677_p0_b0_c6.jpg
674,image_02679_p0_b0_c0.jpg,image_02679_p0_b1_c6.jpg
675,image_02679_p0_b1_c6.jpg,image_02679_p0_b0_c0.jpg
676,image_02683_p0_b0_c7.jpg,image_02683_p0_b1_c0.jpg
677,image_02683_p0_b1_c0.jpg,image_02683_p0_b0_c7.jpg
678,image_02683_p1_b0_c7.jpg,image_02683_p1_b1_c0.jpg
679,image_02683_p1_b1_c0.jpg,image_02683_p1_b0_c7.jpg
680,image_02690_p0_b0_c7.jpg,image_02690_p0_b1_c0.jpg
681,image_02690_p0_b1_c0.jpg,image_02690_p0_b0_c7.jpg
682,image_02691_p0_b0_c7.jpg,image_02691_p0_b2_c0.jpg
683,image_02691_p0_b2_c0.jpg,image_02691_p0_b0_c7.jpg
684,image_02693_p0_b0_c7.jpg,image_02693_p0_b1_c0.jpg
685,image_02693_p0_b1_c0.jpg,image_02693_p0_b0_c7.jpg
686,image_02696_p0_b0_c7.jpg,image_02696_p0_b1_c0.jpg
687,image_02696_p0_b1_c0.jpg,image_02696_p0_b0_c7.jpg
688,image_02699_p0_b0_c0.jpg,image_02699_p0_b1_c7.jpg
689,image_02699_p0_b1_c7.jpg,image_02699_p0_b0_c0.jpg
690,image_02702_p0_b0_c7.jpg,image_02702_p0_b1_c0.jpg
691,image_02702_p0_b1_c0.jpg,image_02702_p0_b0_c7.jpg
692,image_02708_p0_b0_c7.jpg,image_02708_p0_b1_c0.jpg
693,image_02708_p0_b1_c0.jpg,image_02708_p0_b0_c7.jpg
694,image_02713_p0_b0_c7.jpg,image_02713_p0_b1_c0.jpg
695,image_02713_p0_b1_c0.jpg,image_02713_p0_b0_c7.jpg
696,image_02726_p0_b0_c8.jpg,image_02726_p0_b1_c0.jpg
697,image_02726_p0_b1_c0.jpg,image_02726_p0_b0_c8.jpg
698,image_02731_p0_b0_c0.jpg,image_02731_p0_b1_c6.jpg
699,image_02731_p0_b1_c6.jpg,image_02731_p0_b0_c0.jpg
700,image_02741_p0_b0_c7.jpg,image_02741_p0_b1_c0.jpg
701,image_02741_p0_b1_c0.jpg,image_02741_p0_b0_c7.jpg
702,image_02743_p0_b0_c7.jpg,image_02743_p0_b1_c0.jpg
703,image_02743_p0_b1_c0.jpg,image_02743_p0_b0_c7.jpg
704,image_02745_p0_b0_c7.jpg,image_02745_p0_b1_c0.jpg
705,image_02745_p0_b1_c0.jpg,image_02745_p0_b0_c7.jpg
706,image_02749_p0_b0_c7.jpg,image_02749_p0_b1_c0.jpg
707,image_02749_p0_b1_c0.jpg,image_02749_p0_b0_c7.jpg
708,image_02750_p0_b0_c7.jpg,image_02750_p0_b1_c0.jpg
709,image_02750_p0_b1_c0.jpg,image_02750_p0_b0_c7.jpg
710,image_02751_p0_b0_c7.jpg,image_02751_p0_b1_c0.jpg
711,image_02751_p0_b1_c0.jpg,image_02751_p0_b0_c7.jpg
712,image_02759_p0_b0_c7.jpg,image_02759_p0_b1_c0.jpg
713,image_02759_p0_b1_c0.jpg,image_02759_p0_b0_c7.jpg
714,image_02761_p0_b0_c6.jpg,image_02761_p0_b1_c0.jpg
715,image_02761_p0_b1_c0.jpg,image_02761_p0_b0_c6.jpg
716,image_02765_p0_b0_c7.jpg,image_02765_p0_b1_c0.jpg
717,image_02765_p0_b1_c0.jpg,image_02765_p0_b0_c7.jpg
718,image_02777_p0_b0_c0.jpg,image_02777_p0_b2_c7.jpg
719,image_02777_p0_b2_c7.jpg,image_02777_p0_b0_c0.jpg
720,image_02778_p0_b0_c7.jpg,image_02778_p0_b1_c0.jpg
721,image_02778_p0_b1_c0.jpg,image_02778_p0_b0_c7.jpg
722,image_02779_p0_b0_c7.jpg,image_02779_p0_b1_c0.jpg
723,image_02779_p0_b1_c0.jpg,image_02779_p0_b0_c7.jpg
724,image_02785_p0_b0_c0.jpg,image_02785_p0_b1_c8.jpg
725,image_02785_p0_b1_c8.jpg,image_02785_p0_b0_c0.jpg
726,image_02786_p0_b0_c7.jpg,image_02786_p0_b1_c0.jpg
727,image_02786_p0_b1_c0.jpg,image_02786_p0_b0_c7.jpg
728,image_02796_p0_b0_c7.jpg,image_02796_p0_b1_c0.jpg
729,image_02796_p0_b1_c0.jpg,image_02796_p0_b0_c7.jpg
730,image_02798_p0_b0_c7.jpg,image_02798_p0_b1_c0.jpg
731,image_02798_p0_b1_c0.jpg,image_02798_p0_b0_c7.jpg
732,image_02803_p0_b0_c7.jpg,image_02803_p0_b1_c0.jpg
733,image_02803_p0_b1_c0.jpg,image_02803_p0_b0_c7.jpg
734,image_02804_p0_b0_c7.jpg,image_02804_p0_b1_c0.jpg
735,image_02804_p0_b1_c0.jpg,image_02804_p0_b0_c7.jpg
736,image_02805_p0_b0_c7.jpg,image_02805_p0_b1_c0.jpg
737,image_02805_p0_b1_c0.jpg,image_02805_p0_b0_c7.jpg
738,image_02806_p0_b0_c7.jpg,image_02806_p0_b2_c0.jpg
739,image_02806_p0_b2_c0.jpg,image_02806_p0_b0_c7.jpg
740,image_02812_p0_b0_c7.jpg,image_02812_p0_b1_c0.jpg
741,image_02812_p0_b1_c0.jpg,image_02812_p0_b0_c7.jpg
742,image_02815_p0_b1_c0.jpg,image_02815_p0_b2_c6.jpg
743,image_02815_p0_b2_c6.jpg,image_02815_p0_b1_c0.jpg
744,image_02816_p0_b0_c7.jpg,image_02816_p0_b1_c0.jpg
745,image_02816_p0_b1_c0.jpg,image_02816_p0_b0_c7.jpg
746,image_02819_p0_b0_c7.jpg,image_02819_p0_b1_c0.jpg
747,image_02819_p0_b1_c0.jpg,image_02819_p0_b0_c7.jpg
748,image_02822_p0_b0_c6.jpg,image_02822_p0_b1_c0.jpg
749,image_02822_p0_b1_c0.jpg,image_02822_p0_b0_c6.jpg
750,image_02826_p0_b0_c7.jpg,image_02826_p0_b1_c0.jpg
751,image_02826_p0_b1_c0.jpg,image_02826_p0_b0_c7.jpg
752,image_02831_p0_b0_c0.jpg,image_02831_p0_b2_c7.jpg
753,image_02831_p0_b2_c7.jpg,image_02831_p0_b0_c0.jpg
754,image_02833_p2_b0_c7.jpg,image_02833_p2_b1_c0.jpg
755,image_02833_p2_b1_c0.jpg,image_02833_p2_b0_c7.jpg
756,image_02835_p0_b0_c7.jpg,image_02835_p0_b1_c0.jpg
757,image_02835_p0_b1_c0.jpg,image_02835_p0_b0_c7.jpg
758,image_02837_p0_b0_c6.jpg,image_02837_p0_b1_c0.jpg
759,image_02837_p0_b1_c0.jpg,image_02837_p0_b0_c6.jpg
760,image_02841_p0_b0_c7.jpg,image_02841_p0_b1_c0.jpg
761,image_02841_p0_b1_c0.jpg,image_02841_p0_b0_c7.jpg
762,image_02843_p0_b1_c7.jpg,image_02843_p0_b2_c0.jpg
763,image_02843_p0_b2_c0.jpg,image_02843_p0_b1_c7.jpg
764,image_02847_p0_b0_c7.jpg,image_02847_p0_b2_c0.jpg
765,image_02847_p0_b2_c0.jpg,image_02847_p0_b0_c7.jpg
766,image_02849_p0_b0_c7.jpg,image_02849_p0_b1_c0.jpg
767,image_02849_p0_b1_c0.jpg,image_02849_p0_b0_c7.jpg
768,image_02850_p0_b0_c7.jpg,image_02850_p0_b1_c0.jpg
769,image_02850_p0_b1_c0.jpg,image_02850_p0_b0_c7.jpg
770,image_02853_p0_b0_c7.jpg,image_02853_p0_b1_c0.jpg
771,image_02853_p0_b1_c0.jpg,image_02853_p0_b0_c7.jpg
772,image_02856_p0_b0_c0.jpg,image_02856_p0_b1_c8.jpg
773,image_02856_p0_b1_c8.jpg,image_02856_p0_b0_c0.jpg
774,image_02860_p0_b0_c7.jpg,image_02860_p0_b1_c0.jpg
775,image_02860_p0_b1_c0.jpg,image_02860_p0_b0_c7.jpg
776,image_02861_p0_b0_c7.jpg,image_02861_p0_b1_c0.jpg
777,image_02861_p0_b1_c0.jpg,image_02861_p0_b0_c7.jpg
778,image_02862_p0_b0_c6.jpg,image_02862_p0_b1_c0.jpg
779,image_02862_p0_b1_c0.jpg,image_02862_p0_b0_c6.jpg
780,image_02866_p0_b0_c7.jpg,image_02866_p0_b1_c0.jpg
781,image_02866_p0_b1_c0.jpg,image_02866_p0_b0_c7.jpg
782,image_02867_p0_b1_c8.jpg,image_02867_p0_b2_c0.jpg
783,image_02867_p0_b2_c0.jpg,image_02867_p0_b1_c8.jpg
784,image_02872_p0_b0_c6.jpg,image_02872_p0_b1_c0.jpg
785,image_02872_p0_b1_c0.jpg,image_02872_p0_b0_c6.jpg
786,image_02873_p0_b0_c7.jpg,image_02873_p0_b1_c0.jpg
787,image_02873_p0_b1_c0.jpg,image_02873_p0_b0_c7.jpg
788,image_02874_p0_b2_c0.jpg,image_02874_p0_b3_c7.jpg
789,image_02874_p0_b3_c7.jpg,image_02874_p0_b2_c0.jpg
790,image_02888_p0_b0_c7.jpg,image_02888_p0_b1_c0.jpg
791,image_02888_p0_b1_c0.jpg,image_02888_p0_b0_c7.jpg
792,image_02892_p0_b0_c7.jpg,image_02892_p0_b1_c0.jpg
793,image_02892_p0_b1_c0.jpg,image_02892_p0_b0_c7.jpg
794,image_02895_p0_b0_c0.jpg,image_02895_p0_b1_c7.jpg
795,image_02895_p0_b1_c7.jpg,image_02895_p0_b0_c0.jpg
796,image_02906_p0_b0_c0.jpg,image_02906_p0_b1_c7.jpg
797,image_02906_p0_b1_c7.jpg,image_02906_p0_b0_c0.jpg
798,image_02911_p0_b0_c7.jpg,image_02911_p0_b1_c0.jpg
799,image_02911_p0_b1_c0.jpg,image_02911_p0_b0_c7.jpg
800,image_02912_p0_b0_c0.jpg,image_02912_p0_b1_c6.jpg
801,image_02912_p0_b1_c6.jpg,image_02912_p0_b0_c0.jpg
802,image_02919_p0_b0_c7.jpg,image_02919_p0_b1_c0.jpg
803,image_02919_p0_b1_c0.jpg,image_02919_p0_b0_c7.jpg
804,image_02926_p0_b0_c7.jpg,image_02926_p0_b1_c0.jpg
805,image_02926_p0_b1_c0.jpg,image_02926_p0_b0_c7.jpg
806,image_02932_p0_b0_c0.jpg,image_02932_p0_b1_c8.jpg
807,image_02932_p0_b1_c8.jpg,image_02932_p0_b0_c0.jpg
808,image_02934_p0_b0_c8.jpg,image_02934_p0_b1_c0.jpg
809,image_02934_p0_b1_c0.jpg,image_02934_p0_b0_c8.jpg
810,image_02939_p0_b0_c7.jpg,image_02939_p0_b1_c0.jpg
811,image_02939_p0_b1_c0.jpg,image_02939_p0_b0_c7.jpg
812,image_02947_p0_b0_c0.jpg,image_02947_p0_b1_c7.jpg
813,image_02947_p0_b1_c7.jpg,image_02947_p0_b0_c0.jpg
814,image_02948_p0_b0_c6.jpg,image_02948_p0_b1_c0.jpg
815,image_02948_p0_b1_c0.jpg,image_02948_p0_b0_c6.jpg
816,image_02949_p0_b0_c8.jpg,image_02949_p0_b1_c0.jpg
817,image_02949_p0_b1_c0.jpg,image_02949_p0_b0_c8.jpg
818,image_02958_p0_b0_c6.jpg,image_02958_p0_b1_c0.jpg
819,image_02958_p0_b1_c0.jpg,image_02958_p0_b0_c6.jpg
820,image_02959_p0_b0_c0.jpg,image_02959_p0_b1_c7.jpg
821,image_02959_p0_b1_c7.jpg,image_02959_p0_b0_c0.jpg
822,image_02961_p0_b0_c7.jpg,image_02961_p0_b1_c0.jpg
823,image_02961_p0_b1_c0.jpg,image_02961_p0_b0_c7.jpg
824,image_02966_p0_b0_c7.jpg,image_02966_p0_b1_c0.jpg
825,image_02966_p0_b1_c0.jpg,image_02966_p0_b0_c7.jpg
826,image_02968_p0_b0_c7.jpg,image_02968_p0_b1_c0.jpg
827,image_02968_p0_b1_c0.jpg,image_02968_p0_b0_c7.jpg
828,image_02970_p0_b0_c7.jpg,image_02970_p0_b1_c0.jpg
829,image_02970_p0_b1_c0.jpg,image_02970_p0_b0_c7.jpg
830,image_02971_p0_b0_c7.jpg,image_02971_p0_b2_c0.jpg
831,image_02971_p0_b2_c0.jpg,image_02971_p0_b0_c7.jpg
832,image_02975_p0_b0_c0.jpg,image_02975_p0_b1_c7.jpg
833,image_02975_p0_b1_c7.jpg,image_02975_p0_b0_c0.jpg
834,image_02976_p0_b0_c0.jpg,image_02976_p0_b1_c7.jpg
835,image_02976_p0_b1_c7.jpg,image_02976_p0_b0_c0.jpg
836,image_02979_p0_b0_c7.jpg,image_02979_p0_b1_c0.jpg
837,image_02979_p0_b1_c0.jpg,image_02979_p0_b0_c7.jpg
838,image_02981_p0_b0_c7.jpg,image_02981_p0_b1_c0.jpg
839,image_02981_p0_b1_c0.jpg,image_02981_p0_b0_c7.jpg
840,image_02987_p0_b0_c7.jpg,image_02987_p0_b1_c0.jpg
841,image_02987_p0_b1_c0.jpg,image_02987_p0_b0_c7.jpg
842,image_02993_p0_b0_c7.jpg,image_02993_p0_b1_c0.jpg
843,image_02993_p0_b1_c0.jpg,image_02993_p0_b0_c7.jpg
844,image_02996_p0_b0_c7.jpg,image_02996_p0_b1_c0.jpg
845,image_02996_p0_b1_c0.jpg,image_02996_p0_b0_c7.jpg
846,image_02997_p1_b0_c8.jpg,image_02997_p1_b1_c0.jpg
847,image_02997_p1_b1_c0.jpg,image_02997_p1_b0_c8.jpg
848,image_02998_p0_b0_c8.jpg,image_02998_p0_b1_c0.jpg
849,image_02998_p0_b1_c0.jpg,image_02998_p0_b0_c8.jpg
850,image_02999_p0_b0_c6.jpg,image_02999_p0_b1_c0.jpg
851,image_02999_p0_b1_c0.jpg,image_02999_p0_b0_c6.jpg
852,image_03002_p0_b0_c7.jpg,image_03002_p0_b1_c0.jpg
853,image_03002_p0_b1_c0.jpg,image_03002_p0_b0_c7.jpg
854,image_03003_p0_b0_c7.jpg,image_03003_p0_b2_c0.jpg
855,image_03003_p0_b2_c0.jpg,image_03003_p0_b0_c7.jpg
856,image_03008_p0_b0_c7.jpg,image_03008_p0_b1_c0.jpg
857,image_03008_p0_b1_c0.jpg,image_03008_p0_b0_c7.jpg
858,image_03010_p0_b0_c7.jpg,image_03010_p0_b1_c0.jpg
859,image_03010_p0_b1_c0.jpg,image_03010_p0_b0_c7.jpg
860,image_03012_p0_b1_c6.jpg,image_03012_p0_b2_c8.jpg
861,image_03012_p0_b2_c8.jpg,image_03012_p0_b1_c6.jpg
862,image_03014_p0_b0_c7.jpg,image_03014_p0_b1_c0.jpg
863,image_03014_p0_b1_c0.jpg,image_03014_p0_b0_c7.jpg
864,image_03016_p0_b0_c7.jpg,image_03016_p0_b1_c0.jpg
865,image_03016_p0_b1_c0.jpg,image_03016_p0_b0_c7.jpg
866,image_03019_p0_b0_c7.jpg,image_03019_p0_b1_c0.jpg
867,image_03019_p0_b1_c0.jpg,image_03019_p0_b0_c7.jpg
868,image_03028_p0_b0_c7.jpg,image_03028_p0_b1_c0.jpg
869,image_03028_p0_b1_c0.jpg,image_03028_p0_b0_c7.jpg
870,image_03033_p0_b0_c7.jpg,image_03033_p0_b1_c0.jpg
871,image_03033_p0_b1_c0.jpg,image_03033_p0_b0_c7.jpg
872,image_03035_p0_b0_c7.jpg,image_03035_p0_b2_c0.jpg
873,image_03035_p0_b2_c0.jpg,image_03035_p0_b0_c7.jpg
874,image_03044_p0_b0_c0.jpg,image_03044_p0_b1_c7.jpg
875,image_03044_p0_b1_c7.jpg,image_03044_p0_b0_c0.jpg
876,image_03048_p0_b0_c7.jpg,image_03048_p0_b1_c0.jpg
877,image_03048_p0_b1_c0.jpg,image_03048_p0_b0_c7.jpg
878,image_03049_p0_b0_c7.jpg,image_03049_p0_b1_c0.jpg
879,image_03049_p0_b1_c0.jpg,image_03049_p0_b0_c7.jpg
880,image_03050_p0_b1_c7.jpg,image_03050_p0_b3_c0.jpg
881,image_03050_p0_b3_c0.jpg,image_03050_p0_b1_c7.jpg
882,image_03052_p1_b0_c7.jpg,image_03052_p1_b1_c0.jpg
883,image_03052_p1_b1_c0.jpg,image_03052_p1_b0_c7.jpg
884,image_03053_p0_b0_c7.jpg,image_03053_p0_b1_c0.jpg
885,image_03053_p0_b1_c0.jpg,image_03053_p0_b0_c7.jpg
886,image_03056_p0_b0_c7.jpg,image_03056_p0_b1_c0.jpg
887,image_03056_p0_b1_c0.jpg,image_03056_p0_b0_c7.jpg
888,image_03059_p0_b0_c7.jpg,image_03059_p0_b1_c0.jpg
889,image_03059_p0_b1_c0.jpg,image_03059_p0_b0_c7.jpg
890,image_03063_p0_b0_c7.jpg,image_03063_p0_b1_c0.jpg
891,image_03063_p0_b1_c0.jpg,image_03063_p0_b0_c7.jpg
892,image_03065_p0_b0_c7.jpg,image_03065_p0_b1_c0.jpg
893,image_03065_p0_b1_c0.jpg,image_03065_p0_b0_c7.jpg
894,image_03070_p0_b1_c7.jpg,image_03070_p0_b2_c0.jpg
895,image_03070_p0_b2_c0.jpg,image_03070_p0_b1_c7.jpg
896,image_03071_p0_b0_c0.jpg,image_03071_p1_b0_c7.jpg
897,image_03071_p1_b0_c7.jpg,image_03071_p0_b0_c0.jpg
898,image_03072_p0_b0_c7.jpg,image_03072_p0_b1_c0.jpg
899,image_03072_p0_b1_c0.jpg,image_03072_p0_b0_c7.jpg
900,image_03073_p0_b0_c0.jpg,image_03073_p0_b1_c6.jpg
901,image_03073_p0_b1_c6.jpg,image_03073_p0_b0_c0.jpg
902,image_03075_p0_b0_c0.jpg,image_03075_p0_b1_c7.jpg
903,image_03075_p0_b1_c7.jpg,image_03075_p0_b0_c0.jpg
904,image_03076_p0_b0_c7.jpg,image_03076_p0_b2_c0.jpg
905,image_03076_p0_b2_c0.jpg,image_03076_p0_b0_c7.jpg
906,image_03077_p0_b1_c0.jpg,image_03077_p0_b2_c6.jpg
907,image_03077_p0_b2_c6.jpg,image_03077_p0_b1_c0.jpg
908,image_03080_p0_b0_c0.jpg,image_03080_p0_b1_c8.jpg
909,image_03080_p0_b1_c8.jpg,image_03080_p0_b0_c0.jpg
910,image_03084_p0_b0_c7.jpg,image_03084_p0_b1_c0.jpg
911,image_03084_p0_b1_c0.jpg,image_03084_p0_b0_c7.jpg
912,image_03087_p0_b0_c7.jpg,image_03087_p0_b1_c0.jpg
913,image_03087_p0_b1_c0.jpg,image_03087_p0_b0_c7.jpg
914,image_03089_p0_b1_c0.jpg,image_03089_p0_b2_c7.jpg
915,image_03089_p0_b2_c7.jpg,image_03089_p0_b1_c0.jpg
916,image_03093_p0_b0_c7.jpg,image_03093_p0_b1_c0.jpg
917,image_03093_p0_b1_c0.jpg,image_03093_p0_b0_c7.jpg
918,image_03096_p0_b0_c7.jpg,image_03096_p0_b1_c0.jpg
919,image_03096_p0_b1_c0.jpg,image_03096_p0_b0_c7.jpg
920,image_03097_p0_b0_c8.jpg,image_03097_p0_b1_c0.jpg
921,image_03097_p0_b1_c0.jpg,image_03097_p0_b0_c8.jpg
922,image_03099_p0_b0_c6.jpg,image_03099_p0_b1_c0.jpg
923,image_03099_p0_b1_c0.jpg,image_03099_p0_b0_c6.jpg
924,image_03101_p0_b0_c7.jpg,image_03101_p0_b1_c0.jpg
925,image_03101_p0_b1_c0.jpg,image_03101_p0_b0_c7.jpg
926,image_03103_p0_b0_c0.jpg,image_03103_p0_b1_c8.jpg
927,image_03103_p0_b1_c8.jpg,image_03103_p0_b0_c0.jpg
928,image_03106_p0_b0_c7.jpg,image_03106_p0_b1_c0.jpg
929,image_03106_p0_b1_c0.jpg,image_03106_p0_b0_c7.jpg
930,image_03108_p0_b0_c7.jpg,image_03108_p0_b1_c0.jpg
931,image_03108_p0_b1_c0.jpg,image_03108_p0_b0_c7.jpg
932,image_03109_p0_b0_c8.jpg,image_03109_p0_b1_c0.jpg
933,image_03109_p0_b1_c0.jpg,image_03109_p0_b0_c8.jpg
934,image_03111_p0_b0_c0.jpg,image_03111_p0_b1_c7.jpg
935,image_03111_p0_b1_c7.jpg,image_03111_p0_b0_c0.jpg
936,image_03113_p0_b0_c7.jpg,image_03113_p0_b1_c0.jpg
937,image_03113_p0_b1_c0.jpg,image_03113_p0_b0_c7.jpg
938,image_03117_p0_b0_c7.jpg,image_03117_p0_b1_c0.jpg
939,image_03117_p0_b1_c0.jpg,image_03117_p0_b0_c7.jpg
940,image_03122_p0_b0_c7.jpg,image_03122_p0_b1_c0.jpg
941,image_03122_p0_b1_c0.jpg,image_03122_p0_b0_c7.jpg
942,image_03124_p0_b0_c7.jpg,image_03124_p0_b1_c0.jpg
943,image_03124_p0_b1_c0.jpg,image_03124_p0_b0_c7.jpg
944,image_03126_p0_b0_c7.jpg,image_03126_p0_b1_c0.jpg
945,image_03126_p0_b1_c0.jpg,image_03126_p0_b0_c7.jpg
946,image_03129_p0_b0_c7.jpg,image_03129_p0_b1_c0.jpg
947,image_03129_p0_b1_c0.jpg,image_03129_p0_b0_c7.jpg
948,image_03130_p0_b0_c7.jpg,image_03130_p0_b1_c0.jpg
949,image_03130_p0_b1_c0.jpg,image_03130_p0_b0_c7.jpg
950,image_03131_p0_b0_c7.jpg,image_03131_p0_b1_c0.jpg
951,image_03131_p0_b1_c0.jpg,image_03131_p0_b0_c7.jpg
952,image_03134_p0_b0_c7.jpg,image_03134_p0_b1_c0.jpg
953,image_03134_p0_b1_c0.jpg,image_03134_p0_b0_c7.jpg
954,image_03136_p0_b0_c7.jpg,image_03136_p0_b1_c0.jpg
955,image_03136_p0_b1_c0.jpg,image_03136_p0_b0_c7.jpg
956,image_03138_p0_b0_c0.jpg,image_03138_p0_b1_c6.jpg
957,image_03138_p0_b1_c6.jpg,image_03138_p0_b0_c0.jpg
958,image_03139_p0_b0_c7.jpg,image_03139_p0_b1_c0.jpg
959,image_03139_p0_b1_c0.jpg,image_03139_p0_b0_c7.jpg
960,image_03140_p0_b0_c7.jpg,image_03140_p0_b1_c0.jpg
961,image_03140_p0_b1_c0.jpg,image_03140_p0_b0_c7.jpg
962,image_03141_p0_b0_c7.jpg,image_03141_p0_b1_c0.jpg
963,image_03141_p0_b1_c0.jpg,image_03141_p0_b0_c7.jpg
964,image_03146_p0_b0_c7.jpg,image_03146_p0_b1_c0.jpg
965,image_03146_p0_b1_c0.jpg,image_03146_p0_b0_c7.jpg
966,image_03147_p0_b2_c0.jpg,image_03147_p0_b3_c7.jpg
967,image_03147_p0_b3_c7.jpg,image_03147_p0_b2_c0.jpg
968,image_03147_p1_b0_c0.jpg,image_03147_p1_b1_c7.jpg
969,image_03147_p1_b1_c7.jpg,image_03147_p1_b0_c0.jpg
970,image_03150_p0_b0_c7.jpg,image_03150_p0_b1_c0.jpg
971,image_03150_p0_b1_c0.jpg,image_03150_p0_b0_c7.jpg
972,image_03152_p0_b0_c0.jpg,image_03152_p0_b1_c7.jpg
973,image_03152_p0_b1_c7.jpg,image_03152_p0_b0_c0.jpg
974,image_03153_p0_b0_c7.jpg,image_03153_p0_b1_c0.jpg
975,image_03153_p0_b1_c0.jpg,image_03153_p0_b0_c7.jpg
976,image_03160_p0_b0_c7.jpg,image_03160_p0_b1_c0.jpg
977,image_03160_p0_b1_c0.jpg,image_03160_p0_b0_c7.jpg
978,image_03164_p0_b0_c8.jpg,image_03164_p0_b1_c0.jpg
979,image_03164_p0_b1_c0.jpg,image_03164_p0_b0_c8.jpg
980,image_03166_p0_b0_c0.jpg,image_03166_p0_b1_c6.jpg
981,image_03166_p0_b1_c6.jpg,image_03166_p0_b0_c0.jpg
982,image_03167_p0_b1_c0.jpg,image_03167_p0_b2_c7.jpg
983,image_03167_p0_b2_c7.jpg,image_03167_p0_b1_c0.jpg
984,image_03170_p0_b0_c7.jpg,image_03170_p0_b1_c0.jpg
985,image_03170_p0_b1_c0.jpg,image_03170_p0_b0_c7.jpg
986,image_03173_p0_b0_c6.jpg,image_03173_p0_b1_c0.jpg
987,image_03173_p0_b1_c0.jpg,image_03173_p0_b0_c6.jpg
988,image_03174_p0_b0_c7.jpg,image_03174_p0_b1_c0.jpg
989,image_03174_p0_b1_c0.jpg,image_03174_p0_b0_c7.jpg
990,image_03177_p0_b0_c7.jpg,image_03177_p0_b1_c0.jpg
991,image_03177_p0_b1_c0.jpg,image_03177_p0_b0_c7.jpg
992,image_03178_p0_b0_c7.jpg,image_03178_p0_b1_c0.jpg
993,image_03178_p0_b1_c0.jpg,image_03178_p0_b0_c7.jpg
994,image_03179_p0_b1_c0.jpg,image_03179_p0_b2_c6.jpg
995,image_03179_p0_b2_c6.jpg,image_03179_p0_b1_c0.jpg
996,image_03182_p0_b0_c7.jpg,image_03182_p0_b1_c0.jpg
997,image_03182_p0_b1_c0.jpg,image_03182_p0_b0_c7.jpg
998,image_03185_p0_b0_c7.jpg,image_03185_p0_b1_c0.jpg
999,image_03185_p0_b1_c0.jpg,image_03185_p0_b0_c7.jpg
1000,image_03189_p0_b0_c7.jpg,image_03189_p0_b1_c0.jpg
1001,image_03189_p0_b1_c0.jpg,image_03189_p0_b0_c7.jpg
1002,image_03190_p0_b0_c7.jpg,image_03190_p0_b1_c0.jpg
1003,image_03190_p0_b1_c0.jpg,image_03190_p0_b0_c7.jpg
1004,image_03191_p0_b0_c7.jpg,image_03191_p0_b1_c0.jpg
1005,image_03191_p0_b1_c0.jpg,image_03191_p0_b0_c7.jpg
1006,image_03197_p0_b0_c7.jpg,image_03197_p0_b1_c0.jpg
1007,image_03197_p0_b1_c0.jpg,image_03197_p0_b0_c7.jpg
1008,image_03198_p0_b0_c7.jpg,image_03198_p0_b1_c0.jpg
1009,image_03198_p0_b1_c0.jpg,image_03198_p0_b0_c7.jpg
1010,image_03201_p0_b0_c7.jpg,image_03201_p0_b1_c0.jpg
1011,image_03201_p0_b1_c0.jpg,image_03201_p0_b0_c7.jpg
1012,image_03202_p0_b0_c7.jpg,image_03202_p0_b1_c0.jpg
1013,image_03202_p0_b1_c0.jpg,image_03202_p0_b0_c7.jpg
1014,image_03214_p0_b0_c7.jpg,image_03214_p0_b1_c0.jpg
1015,image_03214_p0_b1_c0.jpg,image_03214_p0_b0_c7.jpg
1016,image_03219_p1_b0_c6.jpg,image_03219_p1_b1_c0.jpg
1017,image_03219_p1_b1_c0.jpg,image_03219_p1_b0_c6.jpg
1018,image_03224_p0_b0_c7.jpg,image_03224_p0_b1_c0.jpg
1019,image_03224_p0_b1_c0.jpg,image_03224_p0_b0_c7.jpg
1020,image_03226_p0_b0_c7.jpg,image_03226_p0_b1_c0.jpg
1021,image_03226_p0_b1_c0.jpg,image_03226_p0_b0_c7.jpg
1022,image_03229_p0_b0_c7.jpg,image_03229_p0_b1_c0.jpg
1023,image_03229_p0_b1_c0.jpg,image_03229_p0_b0_c7.jpg
1024,image_03232_p0_b0_c7.jpg,image_03232_p0_b1_c0.jpg
1025,image_03232_p0_b1_c0.jpg,image_03232_p0_b0_c7.jpg
1026,image_03234_p0_b0_c0.jpg,image_03234_p0_b1_c7.jpg
1027,image_03234_p0_b1_c7.jpg,image_03234_p0_b0_c0.jpg
1028,image_03236_p0_b0_c7.jpg,image_03236_p0_b2_c0.jpg
1029,image_03236_p0_b2_c0.jpg,image_03236_p0_b0_c7.jpg
1030,image_03237_p0_b0_c7.jpg,image_03237_p0_b1_c0.jpg
1031,image_03237_p0_b1_c0.jpg,image_03237_p0_b0_c7.jpg
1032,image_03238_p0_b0_c8.jpg,image_03238_p0_b1_c0.jpg
1033,image_03238_p0_b1_c0.jpg,image_03238_p0_b0_c8.jpg
1034,image_03241_p0_b0_c0.jpg,image_03241_p0_b1_c7.jpg
1035,image_03241_p0_b1_c7.jpg,image_03241_p0_b0_c0.jpg
1036,image_03242_p0_b0_c8.jpg,image_03242_p0_b1_c0.jpg
1037,image_03242_p0_b1_c0.jpg,image_03242_p0_b0_c8.jpg
1038,image_03244_p1_b0_c7.jpg,image_03244_p1_b1_c0.jpg
1039,image_03244_p1_b1_c0.jpg,image_03244_p1_b0_c7.jpg
1040,image_03257_p0_b0_c7.jpg,image_03257_p0_b1_c0.jpg
1041,image_03257_p0_b1_c0.jpg,image_03257_p0_b0_c7.jpg
1042,image_03260_p0_b0_c7.jpg,image_03260_p0_b1_c0.jpg
1043,image_03260_p0_b1_c0.jpg,image_03260_p0_b0_c7.jpg
1044,image_03261_p0_b0_c7.jpg,image_03261_p0_b1_c0.jpg
1045,image_03261_p0_b1_c0.jpg,image_03261_p0_b0_c7.jpg
1046,image_03263_p0_b0_c7.jpg,image_03263_p0_b2_c0.jpg
1047,image_03263_p0_b2_c0.jpg,image_03263_p0_b0_c7.jpg
1048,image_03267_p0_b0_c8.jpg,image_03267_p0_b1_c0.jpg
1049,image_03267_p0_b1_c0.jpg,image_03267_p0_b0_c8.jpg
1050,image_03269_p0_b0_c0.jpg,image_03269_p0_b1_c7.jpg
1051,image_03269_p0_b1_c7.jpg,image_03269_p0_b0_c0.jpg
1052,image_03273_p0_b0_c7.jpg,image_03273_p0_b1_c0.jpg
1053,image_03273_p0_b1_c0.jpg,image_03273_p0_b0_c7.jpg
1054,image_03274_p0_b0_c7.jpg,image_03274_p0_b1_c0.jpg
1055,image_03274_p0_b1_c0.jpg,image_03274_p0_b0_c7.jpg
1056,image_03280_p0_b0_c7.jpg,image_03280_p0_b1_c0.jpg
1057,image_03280_p0_b1_c0.jpg,image_03280_p0_b0_c7.jpg
1058,image_03282_p0_b0_c7.jpg,image_03282_p0_b1_c0.jpg
1059,image_03282_p0_b1_c0.jpg,image_03282_p0_b0_c7.jpg
1060,image_03283_p0_b0_c6.jpg,image_03283_p0_b1_c0.jpg
1061,image_03283_p0_b1_c0.jpg,image_03283_p0_b0_c6.jpg
1062,image_03292_p0_b0_c7.jpg,image_03292_p0_b1_c0.jpg
1063,image_03292_p0_b1_c0.jpg,image_03292_p0_b0_c7.jpg
1064,image_03294_p0_b0_c7.jpg,image_03294_p0_b1_c0.jpg
1065,image_03294_p0_b1_c0.jpg,image_03294_p0_b0_c7.jpg
1066,image_03296_p0_b0_c7.jpg,image_03296_p0_b1_c0.jpg
1067,image_03296_p0_b1_c0.jpg,image_03296_p0_b0_c7.jpg
1068,image_03297_p0_b0_c7.jpg,image_03297_p0_b1_c0.jpg
1069,image_03297_p0_b1_c0.jpg,image_03297_p0_b0_c7.jpg
1070,image_03302_p0_b0_c7.jpg,image_03302_p0_b2_c0.jpg
1071,image_03302_p0_b2_c0.jpg,image_03302_p0_b0_c7.jpg
1072,image_03303_p0_b0_c0.jpg,image_03303_p0_b1_c6.jpg
1073,image_03303_p0_b1_c6.jpg,image_03303_p0_b0_c0.jpg
1074,image_03306_p0_b0_c7.jpg,image_03306_p0_b1_c0.jpg
1075,image_03306_p0_b1_c0.jpg,image_03306_p0_b0_c7.jpg
1076,image_03306_p1_b0_c7.jpg,image_03306_p1_b1_c0.jpg
1077,image_03306_p1_b1_c0.jpg,image_03306_p1_b0_c7.jpg
1078,image_03310_p0_b2_c6.jpg,image_03310_p0_b3_c6.jpg
1079,image_03310_p0_b3_c6.jpg,image_03310_p0_b2_c6.jpg
1080,image_03319_p0_b0_c7.jpg,image_03319_p0_b1_c0.jpg
1081,image_03319_p0_b1_c0.jpg,image_03319_p0_b0_c7.jpg
1082,image_03321_p0_b0_c7.jpg,image_03321_p0_b1_c0.jpg
1083,image_03321_p0_b1_c0.jpg,image_03321_p0_b0_c7.jpg
1084,image_03323_p0_b0_c0.jpg,image_03323_p0_b1_c7.jpg
1085,image_03323_p0_b1_c7.jpg,image_03323_p0_b0_c0.jpg
1086,image_03326_p0_b0_c7.jpg,image_03326_p0_b1_c0.jpg
1087,image_03326_p0_b1_c0.jpg,image_03326_p0_b0_c7.jpg
1088,image_03336_p0_b0_c0.jpg,image_03336_p0_b1_c7.jpg
1089,image_03336_p0_b1_c7.jpg,image_03336_p0_b0_c0.jpg
1090,image_03344_p0_b0_c7.jpg,image_03344_p0_b1_c0.jpg
1091,image_03344_p0_b1_c0.jpg,image_03344_p0_b0_c7.jpg
1092,image_03350_p0_b0_c7.jpg,image_03350_p0_b1_c0.jpg
1093,image_03350_p0_b1_c0.jpg,image_03350_p0_b0_c7.jpg
1094,image_03359_p0_b0_c7.jpg,image_03359_p0_b1_c0.jpg
1095,image_03359_p0_b1_c0.jpg,image_03359_p0_b0_c7.jpg
1096,image_03360_p0_b0_c7.jpg,image_03360_p0_b1_c0.jpg
1097,image_03360_p0_b1_c0.jpg,image_03360_p0_b0_c7.jpg
1098,image_03364_p0_b0_c7.jpg,image_03364_p0_b1_c0.jpg
1099,image_03364_p0_b1_c0.jpg,image_03364_p0_b0_c7.jpg
1100,image_03367_p0_b0_c7.jpg,image_03367_p0_b1_c0.jpg
1101,image_03367_p0_b1_c0.jpg,image_03367_p0_b0_c7.jpg
1102,image_03379_p0_b1_c7.jpg,image_03379_p0_b2_c0.jpg
1103,image_03379_p0_b2_c0.jpg,image_03379_p0_b1_c7.jpg
1104,image_03381_p0_b0_c7.jpg,image_03381_p0_b1_c0.jpg
1105,image_03381_p0_b1_c0.jpg,image_03381_p0_b0_c7.jpg
1106,image_03382_p0_b0_c8.jpg,image_03382_p0_b1_c0.jpg
1107,image_03382_p0_b1_c0.jpg,image_03382_p0_b0_c8.jpg
1108,image_03383_p0_b0_c7.jpg,image_03383_p0_b1_c0.jpg
1109,image_03383_p0_b1_c0.jpg,image_03383_p0_b0_c7.jpg
1110,image_03397_p0_b0_c7.jpg,image_03397_p0_b1_c0.jpg
1111,image_03397_p0_b1_c0.jpg,image_03397_p0_b0_c7.jpg
1112,image_03402_p0_b0_c7.jpg,image_03402_p0_b1_c0.jpg
1113,image_03402_p0_b1_c0.jpg,image_03402_p0_b0_c7.jpg
1114,image_03404_p0_b0_c7.jpg,image_03404_p0_b1_c0.jpg
1115,image_03404_p0_b1_c0.jpg,image_03404_p0_b0_c7.jpg
1116,image_03405_p0_b0_c7.jpg,image_03405_p0_b2_c0.jpg
1117,image_03405_p0_b2_c0.jpg,image_03405_p0_b0_c7.jpg
1118,image_03406_p0_b0_c7.jpg,image_03406_p0_b1_c0.jpg
1119,image_03406_p0_b1_c0.jpg,image_03406_p0_b0_c7.jpg
1120,image_03419_p0_b0_c7.jpg,image_03419_p0_b1_c0.jpg
1121,image_03419_p0_b1_c0.jpg,image_03419_p0_b0_c7.jpg
1122,image_03422_p0_b0_c0.jpg,image_03422_p0_b1_c7.jpg
1123,image_03422_p0_b1_c7.jpg,image_03422_p0_b0_c0.jpg
1124,image_03424_p0_b0_c7.jpg,image_03424_p0_b1_c0.jpg
1125,image_03424_p0_b1_c0.jpg,image_03424_p0_b0_c7.jpg
1126,image_03430_p0_b0_c7.jpg,image_03430_p0_b1_c0.jpg
1127,image_03430_p0_b1_c0.jpg,image_03430_p0_b0_c7.jpg
1128,image_03439_p0_b0_c7.jpg,image_03439_p0_b1_c0.jpg
1129,image_03439_p0_b1_c0.jpg,image_03439_p0_b0_c7.jpg
1130,image_03440_p0_b1_c8.jpg,image_03440_p0_b2_c0.jpg
1131,image_03440_p0_b2_c0.jpg,image_03440_p0_b1_c8.jpg
1132,image_03444_p0_b0_c0.jpg,image_03444_p0_b1_c6.jpg
1133,image_03444_p0_b1_c6.jpg,image_03444_p0_b0_c0.jpg
1134,image_03445_p0_b0_c7.jpg,image_03445_p0_b1_c0.jpg
1135,image_03445_p0_b1_c0.jpg,image_03445_p0_b0_c7.jpg
1136,image_03450_p0_b0_c8.jpg,image_03450_p0_b1_c0.jpg
1137,image_03450_p0_b1_c0.jpg,image_03450_p0_b0_c8.jpg
1138,image_03454_p0_b0_c0.jpg,image_03454_p0_b1_c7.jpg
1139,image_03454_p0_b1_c7.jpg,image_03454_p0_b0_c0.jpg
1140,image_03457_p0_b0_c6.jpg,image_03457_p0_b2_c0.jpg
1141,image_03457_p0_b2_c0.jpg,image_03457_p0_b0_c6.jpg
1142,image_03458_p0_b0_c0.jpg,image_03458_p0_b1_c8.jpg
1143,image_03458_p0_b1_c8.jpg,image_03458_p0_b0_c0.jpg
1144,image_03463_p0_b0_c7.jpg,image_03463_p0_b1_c0.jpg
1145,image_03463_p0_b1_c0.jpg,image_03463_p0_b0_c7.jpg
1146,image_03467_p0_b2_c7.jpg,image_03467_p0_b3_c0.jpg
1147,image_03467_p0_b3_c0.jpg,image_03467_p0_b2_c7.jpg
1148,image_03468_p0_b0_c7.jpg,image_03468_p0_b1_c0.jpg
1149,image_03468_p0_b1_c0.jpg,image_03468_p0_b0_c7.jpg
1150,image_03472_p0_b0_c7.jpg,image_03472_p0_b1_c0.jpg
1151,image_03472_p0_b1_c0.jpg,image_03472_p0_b0_c7.jpg
1152,image_03476_p0_b0_c7.jpg,image_03476_p0_b2_c0.jpg
1153,image_03476_p0_b2_c0.jpg,image_03476_p0_b0_c7.jpg
1154,image_03477_p0_b0_c7.jpg,image_03477_p0_b1_c0.jpg
1155,image_03477_p0_b1_c0.jpg,image_03477_p0_b0_c7.jpg
1156,image_03478_p0_b0_c7.jpg,image_03478_p0_b1_c7.jpg
1157,image_03478_p0_b1_c7.jpg,image_03478_p0_b0_c7.jpg
1158,image_03485_p0_b0_c7.jpg,image_03485_p0_b1_c0.jpg
1159,image_03485_p0_b1_c0.jpg,image_03485_p0_b0_c7.jpg
1160,image_03486_p0_b0_c7.jpg,image_03486_p0_b1_c0.jpg
1161,image_03486_p0_b1_c0.jpg,image_03486_p0_b0_c7.jpg
1162,image_03489_p0_b0_c7.jpg,image_03489_p0_b1_c0.jpg
1163,image_03489_p0_b1_c0.jpg,image_03489_p0_b0_c7.jpg
1164,image_03490_p0_b0_c0.jpg,image_03490_p0_b1_c6.jpg
1165,image_03490_p0_b1_c6.jpg,image_03490_p0_b0_c0.jpg
1166,image_03491_p0_b0_c0.jpg,image_03491_p0_b1_c7.jpg
1167,image_03491_p0_b1_c7.jpg,image_03491_p0_b0_c0.jpg
1168,image_03492_p0_b1_c7.jpg,image_03492_p0_b2_c0.jpg
1169,image_03492_p0_b2_c0.jpg,image_03492_p0_b1_c7.jpg
1170,image_03493_p0_b0_c7.jpg,image_03493_p0_b1_c0.jpg
1171,image_03493_p0_b1_c0.jpg,image_03493_p0_b0_c7.jpg
1172,image_03495_p0_b0_c7.jpg,image_03495_p0_b1_c0.jpg
1173,image_03495_p0_b1_c0.jpg,image_03495_p0_b0_c7.jpg
1174,image_03496_p0_b0_c0.jpg,image_03496_p0_b1_c7.jpg
1175,image_03496_p0_b1_c7.jpg,image_03496_p0_b0_c0.jpg
1176,image_03505_p0_b0_c7.jpg,image_03505_p0_b1_c0.jpg
1177,image_03505_p0_b1_c0.jpg,image_03505_p0_b0_c7.jpg
1178,image_03506_p0_b0_c0.jpg,image_03506_p0_b1_c6.jpg
1179,image_03506_p0_b1_c6.jpg,image_03506_p0_b0_c0.jpg
1180,image_03507_p0_b0_c7.jpg,image_03507_p0_b1_c0.jpg
1181,image_03507_p0_b1_c0.jpg,image_03507_p0_b0_c7.jpg
1182,image_03509_p0_b0_c7.jpg,image_03509_p0_b1_c0.jpg
1183,image_03509_p0_b1_c0.jpg,image_03509_p0_b0_c7.jpg
1184,image_03513_p0_b0_c7.jpg,image_03513_p0_b1_c0.jpg
1185,image_03513_p0_b1_c0.jpg,image_03513_p0_b0_c7.jpg
1186,image_03516_p0_b0_c0.jpg,image_03516_p0_b1_c6.jpg
1187,image_03516_p0_b1_c6.jpg,image_03516_p0_b0_c0.jpg
1188,image_03522_p0_b0_c7.jpg,image_03522_p0_b1_c0.jpg
1189,image_03522_p0_b1_c0.jpg,image_03522_p0_b0_c7.jpg
1190,image_03525_p0_b0_c7.jpg,image_03525_p0_b1_c0.jpg
1191,image_03525_p0_b1_c0.jpg,image_03525_p0_b0_c7.jpg
1192,image_03533_p0_b0_c6.jpg,image_03533_p0_b1_c0.jpg
1193,image_03533_p0_b1_c0.jpg,image_03533_p0_b0_c6.jpg
1194,image_03535_p0_b0_c7.jpg,image_03535_p0_b3_c7.jpg
1195,image_03535_p0_b3_c7.jpg,image_03535_p0_b0_c7.jpg
1196,image_03536_p0_b0_c7.jpg,image_03536_p0_b1_c0.jpg
1197,image_03536_p0_b1_c0.jpg,image_03536_p0_b0_c7.jpg
1198,image_03540_p0_b0_c7.jpg,image_03540_p0_b1_c0.jpg
1199,image_03540_p0_b1_c0.jpg,image_03540_p0_b0_c7.jpg
1200,image_03542_p0_b0_c0.jpg,image_03542_p0_b2_c6.jpg
1201,image_03542_p0_b2_c6.jpg,image_03542_p0_b0_c0.jpg
1202,image_03543_p0_b0_c7.jpg,image_03543_p0_b1_c0.jpg
1203,image_03543_p0_b1_c0.jpg,image_03543_p0_b0_c7.jpg
1204,image_03560_p0_b0_c6.jpg,image_03560_p0_b1_c0.jpg
1205,image_03560_p0_b1_c0.jpg,image_03560_p0_b0_c6.jpg
1206,image_03562_p0_b0_c7.jpg,image_03562_p0_b1_c0.jpg
1207,image_03562_p0_b1_c0.jpg,image_03562_p0_b0_c7.jpg
1208,image_03564_p0_b0_c7.jpg,image_03564_p0_b1_c0.jpg
1209,image_03564_p0_b1_c0.jpg,image_03564_p0_b0_c7.jpg
1210,image_03566_p0_b0_c0.jpg,image_03566_p0_b1_c6.jpg
1211,image_03566_p0_b1_c6.jpg,image_03566_p0_b0_c0.jpg
1212,image_03577_p0_b0_c7.jpg,image_03577_p0_b1_c0.jpg
1213,image_03577_p0_b1_c0.jpg,image_03577_p0_b0_c7.jpg
1214,image_03580_p0_b0_c0.jpg,image_03580_p0_b1_c6.jpg
1215,image_03580_p0_b1_c6.jpg,image_03580_p0_b0_c0.jpg
1216,image_03583_p0_b0_c7.jpg,image_03583_p0_b1_c0.jpg
1217,image_03583_p0_b1_c0.jpg,image_03583_p0_b0_c7.jpg
1218,image_03584_p0_b0_c0.jpg,image_03584_p0_b1_c6.jpg
1219,image_03584_p0_b1_c6.jpg,image_03584_p0_b0_c0.jpg
1220,image_03586_p0_b0_c0.jpg,image_03586_p0_b1_c7.jpg
1221,image_03586_p0_b1_c7.jpg,image_03586_p0_b0_c0.jpg
1222,image_03592_p0_b0_c7.jpg,image_03592_p0_b1_c0.jpg
1223,image_03592_p0_b1_c0.jpg,image_03592_p0_b0_c7.jpg
1224,image_03596_p0_b0_c0.jpg,image_03596_p0_b1_c7.jpg
1225,image_03596_p0_b1_c7.jpg,image_03596_p0_b0_c0.jpg
1226,image_03603_p0_b0_c0.jpg,image_03603_p0_b1_c7.jpg
1227,image_03603_p0_b1_c7.jpg,image_03603_p0_b0_c0.jpg
1228,image_03604_p0_b0_c7.jpg,image_03604_p0_b1_c0.jpg
1229,image_03604_p0_b1_c0.jpg,image_03604_p0_b0_c7.jpg
1230,image_03611_p0_b0_c0.jpg,image_03611_p0_b1_c6.jpg
1231,image_03611_p0_b1_c6.jpg,image_03611_p0_b0_c0.jpg
1232,image_03614_p0_b0_c0.jpg,image_03614_p0_b1_c6.jpg
1233,image_03614_p0_b1_c6.jpg,image_03614_p0_b0_c0.jpg
1234,image_03615_p0_b0_c7.jpg,image_03615_p0_b1_c0.jpg
1235,image_03615_p0_b1_c0.jpg,image_03615_p0_b0_c7.jpg
1236,image_03629_p0_b0_c7.jpg,image_03629_p0_b3_c0.jpg
1237,image_03629_p0_b3_c0.jpg,image_03629_p0_b0_c7.jpg
1238,image_03635_p0_b0_c7.jpg,image_03635_p0_b1_c0.jpg
1239,image_03635_p0_b1_c0.jpg,image_03635_p0_b0_c7.jpg
1240,image_03646_p0_b0_c7.jpg,image_03646_p0_b1_c0.jpg
1241,image_03646_p0_b1_c0.jpg,image_03646_p0_b0_c7.jpg
1242,image_03658_p0_b0_c7.jpg,image_03658_p0_b1_c0.jpg
1243,image_03658_p0_b1_c0.jpg,image_03658_p0_b0_c7.jpg
1244,image_03662_p0_b0_c7.jpg,image_03662_p0_b1_c0.jpg
1245,image_03662_p0_b1_c0.jpg,image_03662_p0_b0_c7.jpg
1246,image_03663_p0_b0_c7.jpg,image_03663_p0_b1_c0.jpg
1247,image_03663_p0_b1_c0.jpg,image_03663_p0_b0_c7.jpg
1248,image_03664_p0_b0_c7.jpg,image_03664_p0_b1_c0.jpg
1249,image_03664_p0_b1_c0.jpg,image_03664_p0_b0_c7.jpg
1250,image_03673_p0_b0_c6.jpg,image_03673_p0_b1_c0.jpg
1251,image_03673_p0_b1_c0.jpg,image_03673_p0_b0_c6.jpg
1252,image_03679_p0_b0_c7.jpg,image_03679_p0_b1_c0.jpg
1253,image_03679_p0_b1_c0.jpg,image_03679_p0_b0_c7.jpg
1254,image_03687_p0_b0_c0.jpg,image_03687_p0_b1_c6.jpg
1255,image_03687_p0_b1_c6.jpg,image_03687_p0_b0_c0.jpg
1256,image_03698_p0_b0_c7.jpg,image_03698_p0_b1_c0.jpg
1257,image_03698_p0_b1_c0.jpg,image_03698_p0_b0_c7.jpg
1258,image_03703_p0_b0_c7.jpg,image_03703_p0_b1_c0.jpg
1259,image_03703_p0_b1_c0.jpg,image_03703_p0_b0_c7.jpg
1260,image_03711_p0_b0_c7.jpg,image_03711_p0_b1_c0.jpg
1261,image_03711_p0_b1_c0.jpg,image_03711_p0_b0_c7.jpg
1262,image_03717_p0_b0_c6.jpg,image_03717_p0_b1_c0.jpg
1263,image_03717_p0_b1_c0.jpg,image_03717_p0_b0_c6.jpg
1264,image_03719_p0_b0_c7.jpg,image_03719_p0_b1_c0.jpg
1265,image_03719_p0_b1_c0.jpg,image_03719_p0_b0_c7.jpg
1266,image_03724_p0_b0_c7.jpg,image_03724_p0_b1_c0.jpg
1267,image_03724_p0_b1_c0.jpg,image_03724_p0_b0_c7.jpg
1268,image_03728_p0_b0_c8.jpg,image_03728_p0_b1_c0.jpg
1269,image_03728_p0_b1_c0.jpg,image_03728_p0_b0_c8.jpg
1270,image_03733_p0_b0_c6.jpg,image_03733_p0_b1_c0.jpg
1271,image_03733_p0_b1_c0.jpg,image_03733_p0_b0_c6.jpg
1272,image_03735_p1_b0_c0.jpg,image_03735_p1_b1_c7.jpg
1273,image_03735_p1_b1_c7.jpg,image_03735_p1_b0_c0.jpg
1274,image_03743_p0_b0_c0.jpg,image_03743_p0_b1_c7.jpg
1275,image_03743_p0_b1_c7.jpg,image_03743_p0_b0_c0.jpg
1276,image_03747_p0_b0_c7.jpg,image_03747_p0_b1_c0.jpg
1277,image_03747_p0_b1_c0.jpg,image_03747_p0_b0_c7.jpg
1278,image_03748_p0_b0_c6.jpg,image_03748_p0_b1_c0.jpg
1279,image_03748_p0_b1_c0.jpg,image_03748_p0_b0_c6.jpg
1280,image_03750_p0_b0_c7.jpg,image_03750_p0_b1_c0.jpg
1281,image_03750_p0_b1_c0.jpg,image_03750_p0_b0_c7.jpg
1282,image_03769_p0_b0_c7.jpg,image_03769_p0_b1_c0.jpg
1283,image_03769_p0_b1_c0.jpg,image_03769_p0_b0_c7.jpg
1284,image_03778_p0_b0_c0.jpg,image_03778_p0_b1_c8.jpg
1285,image_03778_p0_b1_c8.jpg,image_03778_p0_b0_c0.jpg
1286,image_03785_p0_b0_c7.jpg,image_03785_p0_b1_c0.jpg
1287,image_03785_p0_b1_c0.jpg,image_03785_p0_b0_c7.jpg
1288,image_03797_p0_b0_c0.jpg,image_03797_p0_b1_c7.jpg
1289,image_03797_p0_b1_c7.jpg,image_03797_p0_b0_c0.jpg
1290,image_03798_p0_b0_c7.jpg,image_03798_p0_b1_c0.jpg
1291,image_03798_p0_b1_c0.jpg,image_03798_p0_b0_c7.jpg
1292,image_03802_p0_b0_c7.jpg,image_03802_p0_b1_c0.jpg
1293,image_03802_p0_b1_c0.jpg,image_03802_p0_b0_c7.jpg
1294,image_03803_p0_b0_c7.jpg,image_03803_p0_b1_c0.jpg
1295,image_03803_p0_b1_c0.jpg,image_03803_p0_b0_c7.jpg
1296,image_03805_p0_b0_c7.jpg,image_03805_p0_b1_c0.jpg
1297,image_03805_p0_b1_c0.jpg,image_03805_p0_b0_c7.jpg
1298,image_03824_p0_b1_c7.jpg,image_03824_p0_b2_c0.jpg
1299,image_03824_p0_b2_c0.jpg,image_03824_p0_b1_c7.jpg
1300,image_03833_p0_b0_c7.jpg,image_03833_p0_b3_c7.jpg
1301,image_03833_p0_b3_c7.jpg,image_03833_p0_b0_c7.jpg
1302,image_03834_p0_b0_c7.jpg,image_03834_p0_b1_c0.jpg
1303,image_03834_p0_b1_c0.jpg,image_03834_p0_b0_c7.jpg
1304,image_03837_p0_b0_c7.jpg,image_03837_p0_b1_c0.jpg
1305,image_03837_p0_b1_c0.jpg,image_03837_p0_b0_c7.jpg
1306,image_03843_p0_b0_c7.jpg,image_03843_p0_b1_c0.jpg
1307,image_03843_p0_b1_c0.jpg,image_03843_p0_b0_c7.jpg
1308,image_03845_p0_b0_c0.jpg,image_03845_p0_b1_c6.jpg
1309,image_03845_p0_b1_c6.jpg,image_03845_p0_b0_c0.jpg
1310,image_03856_p0_b0_c7.jpg,image_03856_p0_b2_c0.jpg
1311,image_03856_p0_b2_c0.jpg,image_03856_p0_b0_c7.jpg
1312,image_03857_p0_b0_c6.jpg,image_03857_p0_b1_c0.jpg
1313,image_03857_p0_b1_c0.jpg,image_03857_p0_b0_c6.jpg
1314,image_03859_p0_b0_c7.jpg,image_03859_p0_b1_c0.jpg
1315,image_03859_p0_b1_c0.jpg,image_03859_p0_b0_c7.jpg
1316,image_03878_p0_b0_c0.jpg,image_03878_p0_b1_c6.jpg
1317,image_03878_p0_b1_c6.jpg,image_03878_p0_b0_c0.jpg
1318,image_03890_p0_b0_c0.jpg,image_03890_p0_b1_c8.jpg
1319,image_03890_p0_b1_c8.jpg,image_03890_p0_b0_c0.jpg
1320,image_03912_p0_b0_c7.jpg,image_03912_p0_b1_c0.jpg
1321,image_03912_p0_b1_c0.jpg,image_03912_p0_b0_c7.jpg
1322,image_03917_p0_b0_c0.jpg,image_03917_p0_b1_c8.jpg
1323,image_03917_p0_b1_c8.jpg,image_03917_p0_b0_c0.jpg
1324,image_03919_p0_b0_c6.jpg,image_03919_p0_b1_c0.jpg
1325,image_03919_p0_b1_c0.jpg,image_03919_p0_b0_c6.jpg
1326,image_03923_p0_b0_c7.jpg,image_03923_p0_b1_c0.jpg
1327,image_03923_p0_b1_c0.jpg,image_03923_p0_b0_c7.jpg
1328,image_03925_p0_b0_c7.jpg,image_03925_p0_b1_c0.jpg
1329,image_03925_p0_b1_c0.jpg,image_03925_p0_b0_c7.jpg
1330,image_03931_p0_b0_c7.jpg,image_03931_p0_b1_c0.jpg
1331,image_03931_p0_b1_c0.jpg,image_03931_p0_b0_c7.jpg
1332,image_03933_p0_b0_c0.jpg,image_03933_p0_b1_c6.jpg
1333,image_03933_p0_b1_c6.jpg,image_03933_p0_b0_c0.jpg
1334,image_03940_p0_b0_c7.jpg,image_03940_p0_b1_c0.jpg
1335,image_03940_p0_b1_c0.jpg,image_03940_p0_b0_c7.jpg
1336,image_03941_p0_b0_c7.jpg,image_03941_p0_b1_c0.jpg
1337,image_03941_p0_b1_c0.jpg,image_03941_p0_b0_c7.jpg
1338,image_03955_p0_b0_c6.jpg,image_03955_p0_b1_c0.jpg
1339,image_03955_p0_b1_c0.jpg,image_03955_p0_b0_c6.jpg
1340,image_03956_p0_b0_c7.jpg,image_03956_p0_b1_c0.jpg
1341,image_03956_p0_b1_c0.jpg,image_03956_p0_b0_c7.jpg
1342,image_03960_p0_b0_c7.jpg,image_03960_p0_b1_c0.jpg
1343,image_03960_p0_b1_c0.jpg,image_03960_p0_b0_c7.jpg
1344,image_03962_p0_b0_c7.jpg,image_03962_p0_b1_c0.jpg
1345,image_03962_p0_b1_c0.jpg,image_03962_p0_b0_c7.jpg
1346,image_03963_p0_b0_c7.jpg,image_03963_p0_b4_c0.jpg
1347,image_03963_p0_b4_c0.jpg,image_03963_p0_b0_c7.jpg
1348,image_03966_p0_b0_c7.jpg,image_03966_p0_b1_c0.jpg
1349,image_03966_p0_b1_c0.jpg,image_03966_p0_b0_c7.jpg
1350,image_03970_p0_b0_c7.jpg,image_03970_p0_b2_c0.jpg
1351,image_03970_p0_b2_c0.jpg,image_03970_p0_b0_c7.jpg
1352,image_03973_p0_b0_c7.jpg,image_03973_p0_b1_c0.jpg
1353,image_03973_p0_b1_c0.jpg,image_03973_p0_b0_c7.jpg
1354,image_03991_p0_b0_c7.jpg,image_03991_p0_b1_c0.jpg
1355,image_03991_p0_b1_c0.jpg,image_03991_p0_b0_c7.jpg
1356,image_03995_p0_b0_c0.jpg,image_03995_p0_b1_c6.jpg
1357,image_03995_p0_b1_c6.jpg,image_03995_p0_b0_c0.jpg
1358,image_03996_p0_b0_c0.jpg,image_03996_p0_b1_c7.jpg
1359,image_03996_p0_b1_c7.jpg,image_03996_p0_b0_c0.jpg
1360,image_04005_p0_b0_c7.jpg,image_04005_p0_b1_c0.jpg
1361,image_04005_p0_b1_c0.jpg,image_04005_p0_b0_c7.jpg
1362,image_04008_p0_b0_c7.jpg,image_04008_p0_b2_c0.jpg
1363,image_04008_p0_b2_c0.jpg,image_04008_p0_b0_c7.jpg
1364,image_04008_p1_b0_c0.jpg,image_04008_p1_b1_c6.jpg
1365,image_04008_p1_b1_c6.jpg,image_04008_p1_b0_c0.jpg
1366,image_04008_p2_b0_c0.jpg,image_04008_p2_b1_c6.jpg
1367,image_04008_p2_b1_c6.jpg,image_04008_p2_b0_c0.jpg
1368,image_04008_p3_b0_c7.jpg,image_04008_p3_b1_c0.jpg
1369,image_04008_p3_b1_c0.jpg,image_04008_p3_b0_c7.jpg
1370,image_04013_p0_b0_c7.jpg,image_04013_p0_b1_c0.jpg
1371,image_04013_p0_b1_c0.jpg,image_04013_p0_b0_c7.jpg
1372,image_04017_p0_b0_c6.jpg,image_04017_p0_b1_c0.jpg
1373,image_04017_p0_b1_c0.jpg,image_04017_p0_b0_c6.jpg
1374,image_04025_p0_b0_c7.jpg,image_04025_p0_b1_c0.jpg
1375,image_04025_p0_b1_c0.jpg,image_04025_p0_b0_c7.jpg
1376,image_04029_p0_b0_c0.jpg,image_04029_p0_b1_c8.jpg
1377,image_04029_p0_b1_c8.jpg,image_04029_p0_b0_c0.jpg
1378,image_04029_p1_b0_c7.jpg,image_04029_p1_b1_c0.jpg
1379,image_04029_p1_b1_c0.jpg,image_04029_p1_b0_c7.jpg
1380,image_04030_p0_b0_c7.jpg,image_04030_p0_b1_c0.jpg
1381,image_04030_p0_b1_c0.jpg,image_04030_p0_b0_c7.jpg
1382,image_04032_p0_b0_c7.jpg,image_04032_p0_b1_c0.jpg
1383,image_04032_p0_b1_c0.jpg,image_04032_p0_b0_c7.jpg
1384,image_04033_p0_b0_c7.jpg,image_04033_p0_b1_c0.jpg
1385,image_04033_p0_b1_c0.jpg,image_04033_p0_b0_c7.jpg
1386,image_04044_p0_b0_c7.jpg,image_04044_p0_b1_c0.jpg
1387,image_04044_p0_b1_c0.jpg,image_04044_p0_b0_c7.jpg
1388,image_04047_p0_b0_c0.jpg,image_04047_p0_b1_c7.jpg
1389,image_04047_p0_b1_c7.jpg,image_04047_p0_b0_c0.jpg
1390,image_04049_p0_b0_c7.jpg,image_04049_p0_b1_c0.jpg
1391,image_04049_p0_b1_c0.jpg,image_04049_p0_b0_c7.jpg
1392,image_04050_p0_b0_c7.jpg,image_04050_p0_b1_c0.jpg
1393,image_04050_p0_b1_c0.jpg,image_04050_p0_b0_c7.jpg
1394,image_04053_p0_b0_c7.jpg,image_04053_p0_b1_c0.jpg
1395,image_04053_p0_b1_c0.jpg,image_04053_p0_b0_c7.jpg
1396,image_04055_p0_b0_c7.jpg,image_04055_p0_b1_c0.jpg
1397,image_04055_p0_b1_c0.jpg,image_04055_p0_b0_c7.jpg
1398,image_04056_p0_b0_c7.jpg,image_04056_p0_b1_c0.jpg
1399,image_04056_p0_b1_c0.jpg,image_04056_p0_b0_c7.jpg
1400,image_04058_p0_b0_c0.jpg,image_04058_p0_b1_c7.jpg
1401,image_04058_p0_b1_c7.jpg,image_04058_p0_b0_c0.jpg
1402,image_04064_p0_b0_c7.jpg,image_04064_p0_b1_c0.jpg
1403,image_04064_p0_b1_c0.jpg,image_04064_p0_b0_c7.jpg
1404,image_04068_p0_b0_c7.jpg,image_04068_p0_b1_c0.jpg
1405,image_04068_p0_b1_c0.jpg,image_04068_p0_b0_c7.jpg
1406,image_04070_p0_b0_c7.jpg,image_04070_p0_b1_c0.jpg
1407,image_04070_p0_b1_c0.jpg,image_04070_p0_b0_c7.jpg
1408,image_04071_p0_b0_c0.jpg,image_04071_p0_b1_c7.jpg
1409,image_04071_p0_b1_c7.jpg,image_04071_p0_b0_c0.jpg
1410,image_04072_p0_b0_c7.jpg,image_04072_p0_b1_c8.jpg
1411,image_04072_p0_b1_c8.jpg,image_04072_p0_b0_c7.jpg
1412,image_04082_p0_b0_c7.jpg,image_04082_p0_b1_c0.jpg
1413,image_04082_p0_b1_c0.jpg,image_04082_p0_b0_c7.jpg
1414,image_04083_p0_b0_c7.jpg,image_04083_p0_b1_c0.jpg
1415,image_04083_p0_b1_c0.jpg,image_04083_p0_b0_c7.jpg
1416,image_04084_p0_b0_c7.jpg,image_04084_p0_b1_c0.jpg
1417,image_04084_p0_b1_c0.jpg,image_04084_p0_b0_c7.jpg
1418,image_04091_p0_b0_c0.jpg,image_04091_p0_b1_c7.jpg
1419,image_04091_p0_b1_c7.jpg,image_04091_p0_b0_c0.jpg
1420,image_04102_p0_b0_c6.jpg,image_04102_p0_b1_c0.jpg
1421,image_04102_p0_b1_c0.jpg,image_04102_p0_b0_c6.jpg
1422,image_04110_p0_b0_c0.jpg,image_04110_p0_b1_c6.jpg
1423,image_04110_p0_b1_c6.jpg,image_04110_p0_b0_c0.jpg
1424,image_04111_p0_b0_c7.jpg,image_04111_p0_b1_c0.jpg
1425,image_04111_p0_b1_c0.jpg,image_04111_p0_b0_c7.jpg
1426,image_04114_p0_b0_c7.jpg,image_04114_p0_b1_c0.jpg
1427,image_04114_p0_b1_c0.jpg,image_04114_p0_b0_c7.jpg
1428,image_04118_p0_b0_c7.jpg,image_04118_p0_b1_c0.jpg
1429,image_04118_p0_b1_c0.jpg,image_04118_p0_b0_c7.jpg
1430,image_04119_p0_b0_c7.jpg,image_04119_p0_b1_c0.jpg
1431,image_04119_p0_b1_c0.jpg,image_04119_p0_b0_c7.jpg
1432,image_04123_p0_b0_c6.jpg,image_04123_p0_b1_c0.jpg
1433,image_04123_p0_b1_c0.jpg,image_04123_p0_b0_c6.jpg
1434,image_04137_p0_b1_c6.jpg,image_04137_p0_b2_c0.jpg
1435,image_04137_p0_b2_c0.jpg,image_04137_p0_b1_c6.jpg
1436,image_04138_p0_b0_c7.jpg,image_04138_p0_b1_c0.jpg
1437,image_04138_p0_b1_c0.jpg,image_04138_p0_b0_c7.jpg
1438,image_04145_p0_b1_c7.jpg,image_04145_p0_b2_c0.jpg
1439,image_04145_p0_b2_c0.jpg,image_04145_p0_b1_c7.jpg
1440,image_04147_p0_b0_c7.jpg,image_04147_p0_b1_c0.jpg
1441,image_04147_p0_b1_c0.jpg,image_04147_p0_b0_c7.jpg
1442,image_04149_p0_b0_c6.jpg,image_04149_p0_b3_c0.jpg
1443,image_04149_p0_b3_c0.jpg,image_04149_p0_b0_c6.jpg
1444,image_04160_p0_b0_c7.jpg,image_04160_p0_b1_c0.jpg
1445,image_04160_p0_b1_c0.jpg,image_04160_p0_b0_c7.jpg
1446,image_04164_p0_b0_c7.jpg,image_04164_p0_b1_c0.jpg
1447,image_04164_p0_b1_c0.jpg,image_04164_p0_b0_c7.jpg
1448,image_04167_p0_b0_c7.jpg,image_04167_p0_b1_c0.jpg
1449,image_04167_p0_b1_c0.jpg,image_04167_p0_b0_c7.jpg
1450,image_04171_p0_b0_c6.jpg,image_04171_p0_b1_c0.jpg
1451,image_04171_p0_b1_c0.jpg,image_04171_p0_b0_c6.jpg
1452,image_04178_p0_b0_c7.jpg,image_04178_p0_b1_c0.jpg
1453,image_04178_p0_b1_c0.jpg,image_04178_p0_b0_c7.jpg
1454,image_04196_p0_b0_c7.jpg,image_04196_p0_b1_c0.jpg
1455,image_04196_p0_b1_c0.jpg,image_04196_p0_b0_c7.jpg
1456,image_04197_p0_b0_c7.jpg,image_04197_p0_b1_c0.jpg
1457,image_04197_p0_b1_c0.jpg,image_04197_p0_b0_c7.jpg
1458,image_04198_p0_b0_c0.jpg,image_04198_p0_b1_c7.jpg
1459,image_04198_p0_b1_c7.jpg,image_04198_p0_b0_c0.jpg
1460,image_04202_p0_b0_c0.jpg,image_04202_p0_b1_c6.jpg
1461,image_04202_p0_b1_c6.jpg,image_04202_p0_b0_c0.jpg
1462,image_04203_p0_b0_c7.jpg,image_04203_p0_b1_c0.jpg
1463,image_04203_p0_b1_c0.jpg,image_04203_p0_b0_c7.jpg
1464,image_04205_p0_b0_c0.jpg,image_04205_p0_b1_c7.jpg
1465,image_04205_p0_b1_c7.jpg,image_04205_p0_b0_c0.jpg
1466,image_04216_p0_b0_c0.jpg,image_04216_p0_b1_c8.jpg
1467,image_04216_p0_b1_c8.jpg,image_04216_p0_b0_c0.jpg
1468,image_04219_p0_b0_c7.jpg,image_04219_p0_b1_c0.jpg
1469,image_04219_p0_b1_c0.jpg,image_04219_p0_b0_c7.jpg
1470,image_04220_p0_b0_c0.jpg,image_04220_p0_b1_c7.jpg
1471,image_04220_p0_b1_c7.jpg,image_04220_p0_b0_c0.jpg
1472,image_04220_p1_b0_c7.jpg,image_04220_p1_b1_c0.jpg
1473,image_04220_p1_b1_c0.jpg,image_04220_p1_b0_c7.jpg
1474,image_04232_p0_b0_c6.jpg,image_04232_p0_b1_c0.jpg
1475,image_04232_p0_b1_c0.jpg,image_04232_p0_b0_c6.jpg
1476,image_04234_p0_b0_c6.jpg,image_04234_p0_b2_c0.jpg
1477,image_04234_p0_b2_c0.jpg,image_04234_p0_b0_c6.jpg
1478,image_04240_p0_b0_c0.jpg,image_04240_p0_b1_c6.jpg
1479,image_04240_p0_b1_c6.jpg,image_04240_p0_b0_c0.jpg
1480,image_04243_p0_b0_c8.jpg,image_04243_p0_b1_c0.jpg
1481,image_04243_p0_b1_c0.jpg,image_04243_p0_b0_c8.jpg
1482,image_04247_p0_b0_c7.jpg,image_04247_p0_b1_c0.jpg
1483,image_04247_p0_b1_c0.jpg,image_04247_p0_b0_c7.jpg
1484,image_04248_p0_b0_c7.jpg,image_04248_p0_b1_c0.jpg
1485,image_04248_p0_b1_c0.jpg,image_04248_p0_b0_c7.jpg
1486,image_04272_p0_b1_c0.jpg,image_04272_p0_b2_c8.jpg
1487,image_04272_p0_b2_c8.jpg,image_04272_p0_b1_c0.jpg
1488,image_04274_p0_b0_c7.jpg,image_04274_p0_b1_c0.jpg
1489,image_04274_p0_b1_c0.jpg,image_04274_p0_b0_c7.jpg
1490,image_04276_p0_b0_c7.jpg,image_04276_p0_b1_c0.jpg
1491,image_04276_p0_b1_c0.jpg,image_04276_p0_b0_c7.jpg
1492,image_04281_p0_b0_c7.jpg,image_04281_p0_b1_c0.jpg
1493,image_04281_p0_b1_c0.jpg,image_04281_p0_b0_c7.jpg
1494,image_04289_p0_b0_c7.jpg,image_04289_p0_b1_c0.jpg
1495,image_04289_p0_b1_c0.jpg,image_04289_p0_b0_c7.jpg
1496,image_04310_p0_b0_c7.jpg,image_04310_p0_b1_c0.jpg
1497,image_04310_p0_b1_c0.jpg,image_04310_p0_b0_c7.jpg
1498,image_04311_p0_b0_c7.jpg,image_04311_p0_b1_c0.jpg
1499,image_04311_p0_b1_c0.jpg,image_04311_p0_b0_c7.jpg
1500,image_04311_p1_b0_c7.jpg,image_04311_p1_b1_c0.jpg
1501,image_04311_p1_b1_c0.jpg,image_04311_p1_b0_c7.jpg
1502,image_04311_p2_b0_c7.jpg,image_04311_p2_b1_c0.jpg
1503,image_04311_p2_b1_c0.jpg,image_04311_p2_b0_c7.jpg
1504,image_04318_p0_b0_c7.jpg,image_04318_p0_b1_c0.jpg
1505,image_04318_p0_b1_c0.jpg,image_04318_p0_b0_c7.jpg
1506,image_04327_p0_b0_c7.jpg,image_04327_p0_b1_c0.jpg
1507,image_04327_p0_b1_c0.jpg,image_04327_p0_b0_c7.jpg
1508,image_04330_p0_b0_c7.jpg,image_04330_p0_b1_c0.jpg
1509,image_04330_p0_b1_c0.jpg,image_04330_p0_b0_c7.jpg
1510,image_04331_p0_b0_c0.jpg,image_04331_p0_b1_c6.jpg
1511,image_04331_p0_b1_c6.jpg,image_04331_p0_b0_c0.jpg
1512,image_04333_p0_b0_c7.jpg,image_04333_p0_b1_c0.jpg
1513,image_04333_p0_b1_c0.jpg,image_04333_p0_b0_c7.jpg
1514,image_04337_p0_b0_c7.jpg,image_04337_p0_b1_c0.jpg
1515,image_04337_p0_b1_c0.jpg,image_04337_p0_b0_c7.jpg
1516,image_04339_p0_b0_c7.jpg,image_04339_p0_b1_c0.jpg
1517,image_04339_p0_b1_c0.jpg,image_04339_p0_b0_c7.jpg
1518,image_04341_p0_b0_c7.jpg,image_04341_p0_b1_c0.jpg
1519,image_04341_p0_b1_c0.jpg,image_04341_p0_b0_c7.jpg
1520,image_04347_p0_b0_c7.jpg,image_04347_p0_b1_c0.jpg
1521,image_04347_p0_b1_c0.jpg,image_04347_p0_b0_c7.jpg
1522,image_04348_p0_b0_c7.jpg,image_04348_p0_b1_c0.jpg
1523,image_04348_p0_b1_c0.jpg,image_04348_p0_b0_c7.jpg
1524,image_04359_p0_b0_c7.jpg,image_04359_p0_b1_c0.jpg
1525,image_04359_p0_b1_c0.jpg,image_04359_p0_b0_c7.jpg
1526,image_04364_p0_b0_c7.jpg,image_04364_p0_b1_c0.jpg
1527,image_04364_p0_b1_c0.jpg,image_04364_p0_b0_c7.jpg
1528,image_04369_p0_b0_c7.jpg,image_04369_p0_b1_c0.jpg
1529,image_04369_p0_b1_c0.jpg,image_04369_p0_b0_c7.jpg
1530,image_04375_p0_b0_c7.jpg,image_04375_p0_b1_c0.jpg
1531,image_04375_p0_b1_c0.jpg,image_04375_p0_b0_c7.jpg
1532,image_04382_p0_b0_c7.jpg,image_04382_p0_b1_c0.jpg
1533,image_04382_p0_b1_c0.jpg,image_04382_p0_b0_c7.jpg
1534,image_04389_p0_b0_c7.jpg,image_04389_p0_b1_c0.jpg
1535,image_04389_p0_b1_c0.jpg,image_04389_p0_b0_c7.jpg
1536,image_04394_p0_b0_c7.jpg,image_04394_p0_b1_c0.jpg
1537,image_04394_p0_b1_c0.jpg,image_04394_p0_b0_c7.jpg
1538,image_04397_p0_b0_c7.jpg,image_04397_p0_b2_c0.jpg
1539,image_04397_p0_b2_c0.jpg,image_04397_p0_b0_c7.jpg
1540,image_04403_p0_b0_c0.jpg,image_04403_p0_b1_c7.jpg
1541,image_04403_p0_b1_c7.jpg,image_04403_p0_b0_c0.jpg
1542,image_04406_p0_b0_c6.jpg,image_04406_p0_b1_c0.jpg
1543,image_04406_p0_b1_c0.jpg,image_04406_p0_b0_c6.jpg
1544,image_04414_p0_b0_c7.jpg,image_04414_p0_b1_c0.jpg
1545,image_04414_p0_b1_c0.jpg,image_04414_p0_b0_c7.jpg
1546,image_04418_p0_b0_c7.jpg,image_04418_p0_b1_c0.jpg
1547,image_04418_p0_b1_c0.jpg,image_04418_p0_b0_c7.jpg
1548,image_04431_p0_b0_c0.jpg,image_04431_p0_b1_c7.jpg
1549,image_04431_p0_b1_c7.jpg,image_04431_p0_b0_c0.jpg
1550,image_04431_p1_b0_c0.jpg,image_04431_p1_b1_c7.jpg
1551,image_04431_p1_b1_c7.jpg,image_04431_p1_b0_c0.jpg
1552,image_04431_p2_b0_c0.jpg,image_04431_p2_b1_c7.jpg
1553,image_04431_p2_b1_c7.jpg,image_04431_p2_b0_c0.jpg
1554,image_04439_p0_b1_c7.jpg,image_04439_p0_b2_c0.jpg
1555,image_04439_p0_b2_c0.jpg,image_04439_p0_b1_c7.jpg
1556,image_04448_p0_b0_c0.jpg,image_04448_p0_b1_c6.jpg
1557,image_04448_p0_b1_c6.jpg,image_04448_p0_b0_c0.jpg
1558,image_04455_p0_b0_c7.jpg,image_04455_p0_b1_c0.jpg
1559,image_04455_p0_b1_c0.jpg,image_04455_p0_b0_c7.jpg
1560,image_04463_p0_b0_c7.jpg,image_04463_p0_b2_c7.jpg
1561,image_04463_p0_b2_c7.jpg,image_04463_p0_b0_c7.jpg
1562,image_04466_p0_b0_c0.jpg,image_04466_p0_b1_c7.jpg
1563,image_04466_p0_b1_c7.jpg,image_04466_p0_b0_c0.jpg
1564,image_04484_p0_b1_c0.jpg,image_04484_p0_b2_c7.jpg
1565,image_04484_p0_b2_c7.jpg,image_04484_p0_b1_c0.jpg
1566,image_04486_p0_b0_c7.jpg,image_04486_p0_b3_c0.jpg
1567,image_04486_p0_b3_c0.jpg,image_04486_p0_b0_c7.jpg
1568,image_04494_p0_b0_c7.jpg,image_04494_p0_b1_c0.jpg
1569,image_04494_p0_b1_c0.jpg,image_04494_p0_b0_c7.jpg
1570,image_04499_p0_b0_c7.jpg,image_04499_p0_b2_c0.jpg
1571,image_04499_p0_b2_c0.jpg,image_04499_p0_b0_c7.jpg
1572,image_04507_p0_b0_c7.jpg,image_04507_p0_b1_c0.jpg
1573,image_04507_p0_b1_c0.jpg,image_04507_p0_b0_c7.jpg
1574,image_04510_p0_b0_c7.jpg,image_04510_p0_b1_c0.jpg
1575,image_04510_p0_b1_c0.jpg,image_04510_p0_b0_c7.jpg
1576,image_04519_p0_b0_c7.jpg,image_04519_p0_b1_c0.jpg
1577,image_04519_p0_b1_c0.jpg,image_04519_p0_b0_c7.jpg
1578,image_04520_p0_b0_c7.jpg,image_04520_p0_b1_c0.jpg
1579,image_04520_p0_b1_c0.jpg,image_04520_p0_b0_c7.jpg
1580,image_04522_p0_b0_c7.jpg,image_04522_p0_b1_c0.jpg
1581,image_04522_p0_b1_c0.jpg,image_04522_p0_b0_c7.jpg
1582,image_04530_p0_b0_c7.jpg,image_04530_p0_b1_c0.jpg
1583,image_04530_p0_b1_c0.jpg,image_04530_p0_b0_c7.jpg
1584,image_04547_p0_b0_c7.jpg,image_04547_p0_b1_c0.jpg
1585,image_04547_p0_b1_c0.jpg,image_04547_p0_b0_c7.jpg
1586,image_04549_p0_b0_c7.jpg,image_04549_p0_b1_c0.jpg
1587,image_04549_p0_b1_c0.jpg,image_04549_p0_b0_c7.jpg
1588,image_04578_p0_b0_c7.jpg,image_04578_p0_b3_c0.jpg
1589,image_04578_p0_b3_c0.jpg,image_04578_p0_b0_c7.jpg
1590,image_04580_p0_b1_c7.jpg,image_04580_p0_b2_c0.jpg
1591,image_04580_p0_b2_c0.jpg,image_04580_p0_b1_c7.jpg
1592,image_04582_p0_b0_c7.jpg,image_04582_p0_b1_c0.jpg
1593,image_04582_p0_b1_c0.jpg,image_04582_p0_b0_c7.jpg
1594,image_04590_p0_b1_c7.jpg,image_04590_p0_b2_c0.jpg
1595,image_04590_p0_b2_c0.jpg,image_04590_p0_b1_c7.jpg
1596,image_04601_p0_b1_c0.jpg,image_04601_p0_b2_c7.jpg
1597,image_04601_p0_b2_c7.jpg,image_04601_p0_b1_c0.jpg
1598,image_04602_p0_b0_c7.jpg,image_04602_p0_b1_c0.jpg
1599,image_04602_p0_b1_c0.jpg,image_04602_p0_b0_c7.jpg
1600,image_04603_p0_b0_c7.jpg,image_04603_p0_b1_c0.jpg
1601,image_04603_p0_b1_c0.jpg,image_04603_p0_b0_c7.jpg
1602,image_04607_p0_b0_c7.jpg,image_04607_p0_b1_c0.jpg
1603,image_04607_p0_b1_c0.jpg,image_04607_p0_b0_c7.jpg
1604,image_04610_p0_b0_c7.jpg,image_04610_p0_b1_c0.jpg
1605,image_04610_p0_b1_c0.jpg,image_04610_p0_b0_c7.jpg
1606,image_04611_p0_b0_c7.jpg,image_04611_p0_b1_c0.jpg
1607,image_04611_p0_b1_c0.jpg,image_04611_p0_b0_c7.jpg
1608,image_04613_p0_b0_c7.jpg,image_04613_p0_b1_c0.jpg
1609,image_04613_p0_b1_c0.jpg,image_04613_p0_b0_c7.jpg
1610,image_04615_p0_b0_c7.jpg,image_04615_p0_b1_c7.jpg
1611,image_04615_p0_b1_c7.jpg,image_04615_p0_b0_c7.jpg
1612,image_04620_p0_b0_c7.jpg,image_04620_p0_b1_c0.jpg
1613,image_04620_p0_b1_c0.jpg,image_04620_p0_b0_c7.jpg
1614,image_04623_p0_b0_c7.jpg,image_04623_p0_b1_c0.jpg
1615,image_04623_p0_b1_c0.jpg,image_04623_p0_b0_c7.jpg
1616,image_04629_p0_b0_c7.jpg,image_04629_p0_b1_c0.jpg
1617,image_04629_p0_b1_c0.jpg,image_04629_p0_b0_c7.jpg
1618,image_04638_p0_b0_c7.jpg,image_04638_p0_b1_c0.jpg
1619,image_04638_p0_b1_c0.jpg,image_04638_p0_b0_c7.jpg
1620,image_04650_p0_b0_c7.jpg,image_04650_p0_b1_c0.jpg
1621,image_04650_p0_b1_c0.jpg,image_04650_p0_b0_c7.jpg
1622,image_04661_p0_b0_c7.jpg,image_04661_p0_b1_c0.jpg
1623,image_04661_p0_b1_c0.jpg,image_04661_p0_b0_c7.jpg
1624,image_04662_p0_b0_c7.jpg,image_04662_p0_b1_c0.jpg
1625,image_04662_p0_b1_c0.jpg,image_04662_p0_b0_c7.jpg
1626,image_04664_p0_b0_c7.jpg,image_04664_p0_b1_c0.jpg
1627,image_04664_p0_b1_c0.jpg,image_04664_p0_b0_c7.jpg
1628,image_04671_p0_b0_c0.jpg,image_04671_p0_b1_c7.jpg
1629,image_04671_p0_b1_c7.jpg,image_04671_p0_b0_c0.jpg
1630,image_04674_p0_b0_c7.jpg,image_04674_p0_b1_c0.jpg
1631,image_04674_p0_b1_c0.jpg,image_04674_p0_b0_c7.jpg
1632,image_04679_p0_b0_c7.jpg,image_04679_p0_b1_c0.jpg
1633,image_04679_p0_b1_c0.jpg,image_04679_p0_b0_c7.jpg
1634,image_04681_p0_b0_c6.jpg,image_04681_p0_b1_c0.jpg
1635,image_04681_p0_b1_c0.jpg,image_04681_p0_b0_c6.jpg
1636,image_04682_p0_b0_c7.jpg,image_04682_p0_b1_c0.jpg
1637,image_04682_p0_b1_c0.jpg,image_04682_p0_b0_c7.jpg
1638,image_04690_p0_b0_c7.jpg,image_04690_p0_b1_c0.jpg
1639,image_04690_p0_b1_c0.jpg,image_04690_p0_b0_c7.jpg
1640,image_04691_p0_b0_c7.jpg,image_04691_p0_b1_c0.jpg
1641,image_04691_p0_b1_c0.jpg,image_04691_p0_b0_c7.jpg
1642,image_04692_p0_b0_c7.jpg,image_04692_p0_b1_c0.jpg
1643,image_04692_p0_b1_c0.jpg,image_04692_p0_b0_c7.jpg
1644,image_04698_p0_b0_c7.jpg,image_04698_p0_b2_c0.jpg
1645,image_04698_p0_b2_c0.jpg,image_04698_p0_b0_c7.jpg
1646,image_04699_p0_b0_c7.jpg,image_04699_p0_b1_c0.jpg
1647,image_04699_p0_b1_c0.jpg,image_04699_p0_b0_c7.jpg
1648,image_04701_p0_b0_c7.jpg,image_04701_p0_b1_c0.jpg
1649,image_04701_p0_b1_c0.jpg,image_04701_p0_b0_c7.jpg
1650,image_04705_p0_b0_c7.jpg,image_04705_p0_b2_c0.jpg
1651,image_04705_p0_b2_c0.jpg,image_04705_p0_b0_c7.jpg
1652,image_04709_p0_b0_c0.jpg,image_04709_p0_b1_c8.jpg
1653,image_04709_p0_b1_c8.jpg,image_04709_p0_b0_c0.jpg
1654,image_04731_p0_b0_c7.jpg,image_04731_p0_b1_c0.jpg
1655,image_04731_p0_b1_c0.jpg,image_04731_p0_b0_c7.jpg
1656,image_04735_p0_b0_c7.jpg,image_04735_p0_b2_c0.jpg
1657,image_04735_p0_b2_c0.jpg,image_04735_p0_b0_c7.jpg
1658,image_04744_p0_b0_c6.jpg,image_04744_p0_b1_c0.jpg
1659,image_04744_p0_b1_c0.jpg,image_04744_p0_b0_c6.jpg
1660,image_04750_p0_b0_c7.jpg,image_04750_p0_b1_c0.jpg
1661,image_04750_p0_b1_c0.jpg,image_04750_p0_b0_c7.jpg
1662,image_04751_p0_b0_c7.jpg,image_04751_p0_b1_c0.jpg
1663,image_04751_p0_b1_c0.jpg,image_04751_p0_b0_c7.jpg
1664,image_04757_p0_b0_c7.jpg,image_04757_p0_b1_c0.jpg
1665,image_04757_p0_b1_c0.jpg,image_04757_p0_b0_c7.jpg
1666,image_04775_p0_b0_c7.jpg,image_04775_p0_b1_c0.jpg
1667,image_04775_p0_b1_c0.jpg,image_04775_p0_b0_c7.jpg
1668,image_04788_p0_b0_c7.jpg,image_04788_p0_b1_c0.jpg
1669,image_04788_p0_b1_c0.jpg,image_04788_p0_b0_c7.jpg
1670,image_04796_p0_b0_c0.jpg,image_04796_p0_b1_c7.jpg
1671,image_04796_p0_b1_c7.jpg,image_04796_p0_b0_c0.jpg
1672,image_04797_p0_b0_c7.jpg,image_04797_p0_b1_c0.jpg
1673,image_04797_p0_b1_c0.jpg,image_04797_p0_b0_c7.jpg
1674,image_04804_p0_b0_c7.jpg,image_04804_p0_b2_c0.jpg
1675,image_04804_p0_b2_c0.jpg,image_04804_p0_b0_c7.jpg
1676,image_04808_p0_b0_c7.jpg,image_04808_p0_b1_c0.jpg
1677,image_04808_p0_b1_c0.jpg,image_04808_p0_b0_c7.jpg
1678,image_04813_p0_b0_c7.jpg,image_04813_p0_b1_c0.jpg
1679,image_04813_p0_b1_c0.jpg,image_04813_p0_b0_c7.jpg
1680,image_04825_p0_b0_c7.jpg,image_04825_p0_b3_c0.jpg
1681,image_04825_p0_b3_c0.jpg,image_04825_p0_b0_c7.jpg
1682,image_04829_p0_b0_c7.jpg,image_04829_p0_b1_c0.jpg
1683,image_04829_p0_b1_c0.jpg,image_04829_p0_b0_c7.jpg
1684,image_04831_p0_b0_c7.jpg,image_04831_p0_b1_c0.jpg
1685,image_04831_p0_b1_c0.jpg,image_04831_p0_b0_c7.jpg
1686,image_04837_p0_b0_c7.jpg,image_04837_p0_b2_c0.jpg
1687,image_04837_p0_b2_c0.jpg,image_04837_p0_b0_c7.jpg
1688,image_04844_p0_b0_c7.jpg,image_04844_p0_b1_c0.jpg
1689,image_04844_p0_b1_c0.jpg,image_04844_p0_b0_c7.jpg
1690,image_04847_p0_b0_c7.jpg,image_04847_p0_b1_c0.jpg
1691,image_04847_p0_b1_c0.jpg,image_04847_p0_b0_c7.jpg
1692,image_04853_p0_b0_c6.jpg,image_04853_p0_b1_c0.jpg
1693,image_04853_p0_b1_c0.jpg,image_04853_p0_b0_c6.jpg
1694,image_04858_p0_b0_c7.jpg,image_04858_p0_b2_c0.jpg
1695,image_04858_p0_b2_c0.jpg,image_04858_p0_b0_c7.jpg
1696,image_04863_p0_b0_c7.jpg,image_04863_p0_b1_c0.jpg
1697,image_04863_p0_b1_c0.jpg,image_04863_p0_b0_c7.jpg
1698,image_04864_p0_b0_c7.jpg,image_04864_p0_b1_c0.jpg
1699,image_04864_p0_b1_c0.jpg,image_04864_p0_b0_c7.jpg
1700,image_04873_p0_b0_c7.jpg,image_04873_p0_b1_c0.jpg
1701,image_04873_p0_b1_c0.jpg,image_04873_p0_b0_c7.jpg
1702,image_04888_p0_b0_c7.jpg,image_04888_p0_b1_c0.jpg
1703,image_04888_p0_b1_c0.jpg,image_04888_p0_b0_c7.jpg
1704,image_04898_p0_b1_c0.jpg,image_04898_p0_b2_c7.jpg
1705,image_04898_p0_b2_c7.jpg,image_04898_p0_b1_c0.jpg
1706,image_04900_p0_b0_c7.jpg,image_04900_p0_b1_c0.jpg
1707,image_04900_p0_b1_c0.jpg,image_04900_p0_b0_c7.jpg
1708,image_04907_p0_b0_c7.jpg,image_04907_p0_b1_c0.jpg
1709,image_04907_p0_b1_c0.jpg,image_04907_p0_b0_c7.jpg
1710,image_04910_p0_b0_c7.jpg,image_04910_p0_b2_c0.jpg
1711,image_04910_p0_b2_c0.jpg,image_04910_p0_b0_c7.jpg
1712,image_04919_p0_b0_c7.jpg,image_04919_p0_b2_c0.jpg
1713,image_04919_p0_b2_c0.jpg,image_04919_p0_b0_c7.jpg
1714,image_04923_p0_b0_c0.jpg,image_04923_p0_b1_c7.jpg
1715,image_04923_p0_b1_c7.jpg,image_04923_p0_b0_c0.jpg
1716,image_04928_p0_b0_c7.jpg,image_04928_p0_b1_c0.jpg
1717,image_04928_p0_b1_c0.jpg,image_04928_p0_b0_c7.jpg
1718,image_04936_p0_b0_c7.jpg,image_04936_p0_b1_c0.jpg
1719,image_04936_p0_b1_c0.jpg,image_04936_p0_b0_c7.jpg
1720,image_04937_p0_b0_c7.jpg,image_04937_p0_b1_c0.jpg
1721,image_04937_p0_b1_c0.jpg,image_04937_p0_b0_c7.jpg
1722,image_04937_p1_b0_c7.jpg,image_04937_p1_b1_c0.jpg
1723,image_04937_p1_b1_c0.jpg,image_04937_p1_b0_c7.jpg
1724,image_04946_p0_b1_c0.jpg,image_04946_p0_b2_c7.jpg
1725,image_04946_p0_b2_c7.jpg,image_04946_p0_b1_c0.jpg
1726,image_04948_p0_b0_c7.jpg,image_04948_p0_b1_c0.jpg
1727,image_04948_p0_b1_c0.jpg,image_04948_p0_b0_c7.jpg
1728,image_04950_p0_b0_c0.jpg,image_04950_p0_b1_c7.jpg
1729,image_04950_p0_b1_c7.jpg,image_04950_p0_b0_c0.jpg
1730,image_04957_p0_b0_c7.jpg,image_04957_p0_b1_c0.jpg
1731,image_04957_p0_b1_c0.jpg,image_04957_p0_b0_c7.jpg
1732,image_04961_p0_b0_c7.jpg,image_04961_p0_b1_c0.jpg
1733,image_04961_p0_b1_c0.jpg,image_04961_p0_b0_c7.jpg
1734,image_04966_p0_b0_c7.jpg,image_04966_p0_b1_c0.jpg
1735,image_04966_p0_b1_c0.jpg,image_04966_p0_b0_c7.jpg
1736,image_04970_p0_b0_c7.jpg,image_04970_p0_b1_c0.jpg
1737,image_04970_p0_b1_c0.jpg,image_04970_p0_b0_c7.jpg
1738,image_04977_p0_b0_c0.jpg,image_04977_p0_b1_c6.jpg
1739,image_04977_p0_b1_c6.jpg,image_04977_p0_b0_c0.jpg
1740,image_04988_p0_b0_c7.jpg,image_04988_p0_b1_c0.jpg
1741,image_04988_p0_b1_c0.jpg,image_04988_p0_b0_c7.jpg
1742,image_05008_p0_b0_c7.jpg,image_05008_p0_b1_c0.jpg
1743,image_05008_p0_b1_c0.jpg,image_05008_p0_b0_c7.jpg
1744,image_05024_p0_b0_c7.jpg,image_05024_p0_b1_c0.jpg
1745,image_05024_p0_b1_c0.jpg,image_05024_p0_b0_c7.jpg
1746,image_05030_p0_b0_c0.jpg,image_05030_p0_b1_c8.jpg
1747,image_05030_p0_b1_c8.jpg,image_05030_p0_b0_c0.jpg
1748,image_05031_p0_b0_c7.jpg,image_05031_p0_b1_c0.jpg
1749,image_05031_p0_b1_c0.jpg,image_05031_p0_b0_c7.jpg
1750,image_05044_p0_b0_c7.jpg,image_05044_p0_b1_c0.jpg
1751,image_05044_p0_b1_c0.jpg,image_05044_p0_b0_c7.jpg
1752,image_05045_p0_b0_c7.jpg,image_05045_p0_b1_c0.jpg
1753,image_05045_p0_b1_c0.jpg,image_05045_p0_b0_c7.jpg
1754,image_05049_p0_b0_c7.jpg,image_05049_p0_b1_c0.jpg
1755,image_05049_p0_b1_c0.jpg,image_05049_p0_b0_c7.jpg
1756,image_05051_p0_b0_c7.jpg,image_05051_p0_b1_c0.jpg
1757,image_05051_p0_b1_c0.jpg,image_05051_p0_b0_c7.jpg
1758,image_05053_p0_b0_c0.jpg,image_05053_p0_b1_c8.jpg
1759,image_05053_p0_b1_c8.jpg,image_05053_p0_b0_c0.jpg
1760,image_05065_p0_b0_c7.jpg,image_05065_p0_b1_c0.jpg
1761,image_05065_p0_b1_c0.jpg,image_05065_p0_b0_c7.jpg
1762,image_05074_p0_b0_c7.jpg,image_05074_p0_b1_c0.jpg
1763,image_05074_p0_b1_c0.jpg,image_05074_p0_b0_c7.jpg
1764,image_05086_p0_b0_c0.jpg,image_05086_p0_b1_c7.jpg
1765,image_05086_p0_b1_c7.jpg,image_05086_p0_b0_c0.jpg
1766,image_05097_p0_b0_c7.jpg,image_05097_p0_b1_c0.jpg
1767,image_05097_p0_b1_c0.jpg,image_05097_p0_b0_c7.jpg
1768,image_05102_p0_b0_c7.jpg,image_05102_p0_b1_c0.jpg
1769,image_05102_p0_b1_c0.jpg,image_05102_p0_b0_c7.jpg
1770,image_05103_p0_b0_c0.jpg,image_05103_p0_b2_c7.jpg
1771,image_05103_p0_b2_c7.jpg,image_05103_p0_b0_c0.jpg
1772,image_05105_p0_b0_c7.jpg,image_05105_p0_b1_c0.jpg
1773,image_05105_p0_b1_c0.jpg,image_05105_p0_b0_c7.jpg
1774,image_05112_p0_b0_c7.jpg,image_05112_p0_b3_c0.jpg
1775,image_05112_p0_b3_c0.jpg,image_05112_p0_b0_c7.jpg
1776,image_05115_p0_b0_c7.jpg,image_05115_p0_b1_c0.jpg
1777,image_05115_p0_b1_c0.jpg,image_05115_p0_b0_c7.jpg
1778,image_05116_p0_b0_c7.jpg,image_05116_p0_b1_c0.jpg
1779,image_05116_p0_b1_c0.jpg,image_05116_p0_b0_c7.jpg
1780,image_05117_p0_b0_c7.jpg,image_05117_p0_b1_c0.jpg
1781,image_05117_p0_b1_c0.jpg,image_05117_p0_b0_c7.jpg
1782,image_05120_p0_b0_c7.jpg,image_05120_p0_b1_c0.jpg
1783,image_05120_p0_b1_c0.jpg,image_05120_p0_b0_c7.jpg
1784,image_05132_p0_b0_c7.jpg,image_05132_p0_b1_c0.jpg
1785,image_05132_p0_b1_c0.jpg,image_05132_p0_b0_c7.jpg
1786,image_05136_p0_b0_c7.jpg,image_05136_p0_b2_c0.jpg
1787,image_05136_p0_b2_c0.jpg,image_05136_p0_b0_c7.jpg
1788,image_05145_p0_b0_c7.jpg,image_05145_p0_b1_c0.jpg
1789,image_05145_p0_b1_c0.jpg,image_05145_p0_b0_c7.jpg
1790,image_05146_p0_b0_c0.jpg,image_05146_p0_b1_c7.jpg
1791,image_05146_p0_b1_c7.jpg,image_05146_p0_b0_c0.jpg
1792,image_05148_p0_b0_c7.jpg,image_05148_p0_b1_c0.jpg
1793,image_05148_p0_b1_c0.jpg,image_05148_p0_b0_c7.jpg
1794,image_05156_p0_b0_c8.jpg,image_05156_p0_b1_c0.jpg
1795,image_05156_p0_b1_c0.jpg,image_05156_p0_b0_c8.jpg
1796,image_05159_p0_b0_c7.jpg,image_05159_p0_b1_c0.jpg
1797,image_05159_p0_b1_c0.jpg,image_05159_p0_b0_c7.jpg
1798,image_05162_p2_b0_c7.jpg,image_05162_p2_b1_c0.jpg
1799,image_05162_p2_b1_c0.jpg,image_05162_p2_b0_c7.jpg
1800,image_05166_p0_b0_c7.jpg,image_05166_p0_b1_c0.jpg
1801,image_05166_p0_b1_c0.jpg,image_05166_p0_b0_c7.jpg
1802,image_05174_p0_b0_c7.jpg,image_05174_p0_b1_c0.jpg
1803,image_05174_p0_b1_c0.jpg,image_05174_p0_b0_c7.jpg
1804,image_05182_p0_b0_c7.jpg,image_05182_p0_b1_c0.jpg
1805,image_05182_p0_b1_c0.jpg,image_05182_p0_b0_c7.jpg
1806,image_05199_p0_b0_c7.jpg,image_05199_p0_b1_c0.jpg
1807,image_05199_p0_b1_c0.jpg,image_05199_p0_b0_c7.jpg
1808,image_05237_p0_b0_c7.jpg,image_05237_p0_b1_c0.jpg
1809,image_05237_p0_b1_c0.jpg,image_05237_p0_b0_c7.jpg
1810,image_05239_p0_b0_c7.jpg,image_05239_p0_b2_c0.jpg
1811,image_05239_p0_b2_c0.jpg,image_05239_p0_b0_c7.jpg
1812,image_05254_p0_b0_c0.jpg,image_05254_p0_b1_c7.jpg
1813,image_05254_p0_b1_c7.jpg,image_05254_p0_b0_c0.jpg
1814,image_05257_p0_b0_c7.jpg,image_05257_p0_b1_c0.jpg
1815,image_05257_p0_b1_c0.jpg,image_05257_p0_b0_c7.jpg
1816,image_05271_p0_b0_c7.jpg,image_05271_p0_b1_c0.jpg
1817,image_05271_p0_b1_c0.jpg,image_05271_p0_b0_c7.jpg
1818,image_05276_p0_b0_c7.jpg,image_05276_p0_b1_c0.jpg
1819,image_05276_p0_b1_c0.jpg,image_05276_p0_b0_c7.jpg
1820,image_05279_p0_b0_c8.jpg,image_05279_p0_b1_c0.jpg
1821,image_05279_p0_b1_c0.jpg,image_05279_p0_b0_c8.jpg
1822,image_05283_p0_b0_c7.jpg,image_05283_p0_b1_c0.jpg
1823,image_05283_p0_b1_c0.jpg,image_05283_p0_b0_c7.jpg
1824,image_05293_p0_b0_c7.jpg,image_05293_p0_b1_c0.jpg
1825,image_05293_p0_b1_c0.jpg,image_05293_p0_b0_c7.jpg
1826,image_05303_p0_b0_c7.jpg,image_05303_p0_b1_c0.jpg
1827,image_05303_p0_b1_c0.jpg,image_05303_p0_b0_c7.jpg
1828,image_05312_p0_b0_c7.jpg,image_05312_p0_b1_c0.jpg
1829,image_05312_p0_b1_c0.jpg,image_05312_p0_b0_c7.jpg
1830,image_05313_p0_b0_c7.jpg,image_05313_p0_b1_c0.jpg
1831,image_05313_p0_b1_c0.jpg,image_05313_p0_b0_c7.jpg
1832,image_05314_p0_b0_c7.jpg,image_05314_p0_b1_c0.jpg
1833,image_05314_p0_b1_c0.jpg,image_05314_p0_b0_c7.jpg
1834,image_05315_p0_b0_c7.jpg,image_05315_p0_b1_c0.jpg
1835,image_05315_p0_b1_c0.jpg,image_05315_p0_b0_c7.jpg
1836,image_05325_p0_b0_c7.jpg,image_05325_p0_b1_c0.jpg
1837,image_05325_p0_b1_c0.jpg,image_05325_p0_b0_c7.jpg
1838,image_05330_p0_b0_c7.jpg,image_05330_p0_b2_c0.jpg
1839,image_05330_p0_b2_c0.jpg,image_05330_p0_b0_c7.jpg
1840,image_05332_p0_b0_c7.jpg,image_05332_p0_b1_c0.jpg
1841,image_05332_p0_b1_c0.jpg,image_05332_p0_b0_c7.jpg
1842,image_05344_p0_b0_c7.jpg,image_05344_p0_b1_c0.jpg
1843,image_05344_p0_b1_c0.jpg,image_05344_p0_b0_c7.jpg
1844,image_05346_p0_b0_c0.jpg,image_05346_p0_b1_c7.jpg
1845,image_05346_p0_b1_c7.jpg,image_05346_p0_b0_c0.jpg
1846,image_05358_p0_b0_c7.jpg,image_05358_p0_b1_c0.jpg
1847,image_05358_p0_b1_c0.jpg,image_05358_p0_b0_c7.jpg
1848,image_05368_p0_b0_c7.jpg,image_05368_p0_b1_c0.jpg
1849,image_05368_p0_b1_c0.jpg,image_05368_p0_b0_c7.jpg
1850,image_05369_p0_b0_c7.jpg,image_05369_p0_b1_c0.jpg
1851,image_05369_p0_b1_c0.jpg,image_05369_p0_b0_c7.jpg
1852,image_05370_p0_b0_c8.jpg,image_05370_p0_b1_c0.jpg
1853,image_05370_p0_b1_c0.jpg,image_05370_p0_b0_c8.jpg
1854,image_05375_p0_b0_c7.jpg,image_05375_p0_b1_c0.jpg
1855,image_05375_p0_b1_c0.jpg,image_05375_p0_b0_c7.jpg
1856,image_05386_p0_b0_c7.jpg,image_05386_p0_b1_c0.jpg
1857,image_05386_p0_b1_c0.jpg,image_05386_p0_b0_c7.jpg
1858,image_05388_p0_b0_c7.jpg,image_05388_p0_b1_c0.jpg
1859,image_05388_p0_b1_c0.jpg,image_05388_p0_b0_c7.jpg
1860,image_05405_p0_b0_c7.jpg,image_05405_p0_b1_c0.jpg
1861,image_05405_p0_b1_c0.jpg,image_05405_p0_b0_c7.jpg
1862,image_05408_p0_b0_c7.jpg,image_05408_p0_b1_c0.jpg
1863,image_05408_p0_b1_c0.jpg,image_05408_p0_b0_c7.jpg
1864,image_05411_p0_b0_c7.jpg,image_05411_p0_b1_c0.jpg
1865,image_05411_p0_b1_c0.jpg,image_05411_p0_b0_c7.jpg
1866,image_05413_p0_b0_c7.jpg,image_05413_p0_b1_c0.jpg
1867,image_05413_p0_b1_c0.jpg,image_05413_p0_b0_c7.jpg
1868,image_05423_p0_b1_c0.jpg,image_05423_p0_b2_c7.jpg
1869,image_05423_p0_b2_c7.jpg,image_05423_p0_b1_c0.jpg
1870,image_05424_p0_b0_c7.jpg,image_05424_p0_b1_c0.jpg
1871,image_05424_p0_b1_c0.jpg,image_05424_p0_b0_c7.jpg
1872,image_05434_p0_b0_c7.jpg,image_05434_p0_b1_c0.jpg
1873,image_05434_p0_b1_c0.jpg,image_05434_p0_b0_c7.jpg
1874,image_05439_p0_b0_c7.jpg,image_05439_p0_b1_c0.jpg
1875,image_05439_p0_b1_c0.jpg,image_05439_p0_b0_c7.jpg
1876,image_05441_p0_b0_c7.jpg,image_05441_p0_b1_c0.jpg
1877,image_05441_p0_b1_c0.jpg,image_05441_p0_b0_c7.jpg
1878,image_05453_p0_b0_c0.jpg,image_05453_p0_b1_c7.jpg
1879,image_05453_p0_b1_c7.jpg,image_05453_p0_b0_c0.jpg
1880,image_05454_p0_b0_c7.jpg,image_05454_p0_b1_c0.jpg
1881,image_05454_p0_b1_c0.jpg,image_05454_p0_b0_c7.jpg
1882,image_05468_p0_b0_c7.jpg,image_05468_p0_b1_c0.jpg
1883,image_05468_p0_b1_c0.jpg,image_05468_p0_b0_c7.jpg
1884,image_05472_p0_b0_c7.jpg,image_05472_p0_b2_c0.jpg
1885,image_05472_p0_b2_c0.jpg,image_05472_p0_b0_c7.jpg
1886,image_05476_p0_b0_c7.jpg,image_05476_p0_b1_c0.jpg
1887,image_05476_p0_b1_c0.jpg,image_05476_p0_b0_c7.jpg
1888,image_05479_p0_b0_c7.jpg,image_05479_p0_b1_c0.jpg
1889,image_05479_p0_b1_c0.jpg,image_05479_p0_b0_c7.jpg
1890,image_05488_p0_b0_c7.jpg,image_05488_p0_b2_c0.jpg
1891,image_05488_p0_b2_c0.jpg,image_05488_p0_b0_c7.jpg
1892,image_05492_p0_b0_c7.jpg,image_05492_p0_b1_c0.jpg
1893,image_05492_p0_b1_c0.jpg,image_05492_p0_b0_c7.jpg
1894,image_05496_p0_b0_c6.jpg,image_05496_p0_b1_c0.jpg
1895,image_05496_p0_b1_c0.jpg,image_05496_p0_b0_c6.jpg
1896,image_05499_p0_b0_c0.jpg,image_05500_p0_b0_c7.jpg
1897,image_05500_p0_b0_c7.jpg,image_05499_p0_b0_c0.jpg
1898,image_05504_p0_b0_c7.jpg,image_05504_p0_b1_c0.jpg
1899,image_05504_p0_b1_c0.jpg,image_05504_p0_b0_c7.jpg
1900,image_05507_p0_b1_c7.jpg,image_05507_p0_b2_c0.jpg
1901,image_05507_p0_b2_c0.jpg,image_05507_p0_b1_c7.jpg
1902,image_05508_p0_b0_c8.jpg,image_05508_p0_b1_c0.jpg
1903,image_05508_p0_b1_c0.jpg,image_05508_p0_b0_c8.jpg
1904,image_05526_p0_b0_c7.jpg,image_05526_p0_b1_c0.jpg
1905,image_05526_p0_b1_c0.jpg,image_05526_p0_b0_c7.jpg
1906,image_05527_p0_b0_c7.jpg,image_05527_p0_b1_c0.jpg
1907,image_05527_p0_b1_c0.jpg,image_05527_p0_b0_c7.jpg
1908,image_05537_p0_b0_c7.jpg,image_05537_p0_b1_c0.jpg
1909,image_05537_p0_b1_c0.jpg,image_05537_p0_b0_c7.jpg
1910,image_05546_p0_b0_c7.jpg,image_05546_p0_b1_c0.jpg
1911,image_05546_p0_b1_c0.jpg,image_05546_p0_b0_c7.jpg
1912,image_05555_p0_b2_c0.jpg,image_05555_p0_b3_c8.jpg
1913,image_05555_p0_b3_c8.jpg,image_05555_p0_b2_c0.jpg
1914,image_05585_p0_b0_c8.jpg,image_05585_p0_b1_c0.jpg
1915,image_05585_p0_b1_c0.jpg,image_05585_p0_b0_c8.jpg
1916,image_05587_p0_b0_c7.jpg,image_05587_p0_b1_c0.jpg
1917,image_05587_p0_b1_c0.jpg,image_05587_p0_b0_c7.jpg
1918,image_05588_p0_b0_c7.jpg,image_05588_p0_b1_c0.jpg
1919,image_05588_p0_b1_c0.jpg,image_05588_p0_b0_c7.jpg
1920,image_05596_p0_b0_c7.jpg,image_05596_p0_b1_c0.jpg
1921,image_05596_p0_b1_c0.jpg,image_05596_p0_b0_c7.jpg
1922,image_05597_p0_b0_c7.jpg,image_05597_p0_b1_c0.jpg
1923,image_05597_p0_b1_c0.jpg,image_05597_p0_b0_c7.jpg
1924,image_05600_p0_b0_c7.jpg,image_05600_p0_b1_c0.jpg
1925,image_05600_p0_b1_c0.jpg,image_05600_p0_b0_c7.jpg
1926,image_05622_p0_b0_c7.jpg,image_05622_p0_b1_c0.jpg
1927,image_05622_p0_b1_c0.jpg,image_05622_p0_b0_c7.jpg
1928,image_05624_p0_b0_c7.jpg,image_05624_p0_b1_c0.jpg
1929,image_05624_p0_b1_c0.jpg,image_05624_p0_b0_c7.jpg
1930,image_05626_p0_b0_c7.jpg,image_05626_p0_b1_c0.jpg
1931,image_05626_p0_b1_c0.jpg,image_05626_p0_b0_c7.jpg
1932,image_05627_p0_b0_c0.jpg,image_05629_p0_b0_c7.jpg
1933,image_05629_p0_b0_c7.jpg,image_05627_p0_b0_c0.jpg
1934,image_05630_p0_b0_c7.jpg,image_05630_p0_b1_c0.jpg
1935,image_05630_p0_b1_c0.jpg,image_05630_p0_b0_c7.jpg
1936,image_05631_p0_b0_c0.jpg,image_05631_p0_b1_c8.jpg
1937,image_05631_p0_b1_c8.jpg,image_05631_p0_b0_c0.jpg
1938,image_05636_p0_b0_c7.jpg,image_05636_p0_b1_c0.jpg
1939,image_05636_p0_b1_c0.jpg,image_05636_p0_b0_c7.jpg
1940,image_05640_p0_b0_c7.jpg,image_05640_p0_b2_c0.jpg
1941,image_05640_p0_b2_c0.jpg,image_05640_p0_b0_c7.jpg
1942,image_05644_p0_b0_c7.jpg,image_05644_p0_b1_c0.jpg
1943,image_05644_p0_b1_c0.jpg,image_05644_p0_b0_c7.jpg
1944,image_05649_p0_b0_c7.jpg,image_05649_p0_b1_c0.jpg
1945,image_05649_p0_b1_c0.jpg,image_05649_p0_b0_c7.jpg
1946,image_05661_p0_b0_c7.jpg,image_05661_p0_b1_c0.jpg
1947,image_05661_p0_b1_c0.jpg,image_05661_p0_b0_c7.jpg
1948,image_05667_p0_b0_c6.jpg,image_05667_p0_b1_c0.jpg
1949,image_05667_p0_b1_c0.jpg,image_05667_p0_b0_c6.jpg
1950,image_05675_p0_b0_c7.jpg,image_05675_p0_b1_c0.jpg
1951,image_05675_p0_b1_c0.jpg,image_05675_p0_b0_c7.jpg
1952,image_05676_p0_b0_c0.jpg,image_05676_p0_b1_c8.jpg
1953,image_05676_p0_b1_c8.jpg,image_05676_p0_b0_c0.jpg
1954,image_05677_p0_b0_c7.jpg,image_05677_p0_b1_c0.jpg
1955,image_05677_p0_b1_c0.jpg,image_05677_p0_b0_c7.jpg
1956,image_05700_p0_b0_c7.jpg,image_05700_p0_b1_c0.jpg
1957,image_05700_p0_b1_c0.jpg,image_05700_p0_b0_c7.jpg
1958,image_05705_p0_b0_c7.jpg,image_05705_p0_b1_c0.jpg
1959,image_05705_p0_b1_c0.jpg,image_05705_p0_b0_c7.jpg
1960,image_05710_p0_b0_c7.jpg,image_05710_p0_b1_c0.jpg
1961,image_05710_p0_b1_c0.jpg,image_05710_p0_b0_c7.jpg
1962,image_05717_p0_b0_c7.jpg,image_05717_p0_b1_c0.jpg
1963,image_05717_p0_b1_c0.jpg,image_05717_p0_b0_c7.jpg
1964,image_05719_p0_b0_c7.jpg,image_05719_p0_b1_c0.jpg
1965,image_05719_p0_b1_c0.jpg,image_05719_p0_b0_c7.jpg
1966,image_05726_p0_b0_c8.jpg,image_05726_p0_b1_c0.jpg
1967,image_05726_p0_b1_c0.jpg,image_05726_p0_b0_c8.jpg
1968,image_05733_p0_b0_c7.jpg,image_05733_p0_b1_c0.jpg
1969,image_05733_p0_b1_c0.jpg,image_05733_p0_b0_c7.jpg
1970,image_05735_p0_b0_c7.jpg,image_05735_p0_b1_c0.jpg
1971,image_05735_p0_b1_c0.jpg,image_05735_p0_b0_c7.jpg
1972,image_05740_p0_b0_c7.jpg,image_05740_p0_b2_c0.jpg
1973,image_05740_p0_b2_c0.jpg,image_05740_p0_b0_c7.jpg
1974,image_05751_p0_b0_c7.jpg,image_05751_p0_b1_c0.jpg
1975,image_05751_p0_b1_c0.jpg,image_05751_p0_b0_c7.jpg
1976,image_05758_p0_b0_c7.jpg,image_05758_p0_b1_c0.jpg
1977,image_05758_p0_b1_c0.jpg,image_05758_p0_b0_c7.jpg
1978,image_05766_p0_b0_c7.jpg,image_05766_p0_b1_c0.jpg
1979,image_05766_p0_b1_c0.jpg,image_05766_p0_b0_c7.jpg
1980,image_05767_p0_b0_c7.jpg,image_05767_p0_b1_c0.jpg
1981,image_05767_p0_b1_c0.jpg,image_05767_p0_b0_c7.jpg
1982,image_05775_p0_b0_c7.jpg,image_05775_p0_b1_c0.jpg
1983,image_05775_p0_b1_c0.jpg,image_05775_p0_b0_c7.jpg
1984,image_05780_p0_b0_c7.jpg,image_05780_p0_b2_c0.jpg
1985,image_05780_p0_b2_c0.jpg,image_05780_p0_b0_c7.jpg
1986,image_05782_p0_b0_c7.jpg,image_05782_p0_b1_c0.jpg
1987,image_05782_p0_b1_c0.jpg,image_05782_p0_b0_c7.jpg
1988,image_05787_p0_b0_c7.jpg,image_05787_p0_b1_c0.jpg
1989,image_05787_p0_b1_c0.jpg,image_05787_p0_b0_c7.jpg
1990,image_05789_p0_b0_c7.jpg,image_05789_p0_b1_c0.jpg
1991,image_05789_p0_b1_c0.jpg,image_05789_p0_b0_c7.jpg
1992,image_05789_p1_b0_c7.jpg,image_05789_p1_b1_c0.jpg
1993,image_05789_p1_b1_c0.jpg,image_05789_p1_b0_c7.jpg
1994,image_05790_p0_b0_c7.jpg,image_05790_p0_b2_c0.jpg
1995,image_05790_p0_b2_c0.jpg,image_05790_p0_b0_c7.jpg
1996,image_05796_p0_b1_c7.jpg,image_05796_p0_b2_c0.jpg
1997,image_05796_p0_b2_c0.jpg,image_05796_p0_b1_c7.jpg
1998,image_05797_p0_b0_c6.jpg,image_05797_p0_b2_c0.jpg
1999,image_05797_p0_b2_c0.jpg,image_05797_p0_b0_c6.jpg
2000,image_05802_p0_b0_c7.jpg,image_05802_p0_b2_c0.jpg
2001,image_05802_p0_b2_c0.jpg,image_05802_p0_b0_c7.jpg
2002,image_05807_p0_b0_c7.jpg,image_05807_p0_b1_c0.jpg
2003,image_05807_p0_b1_c0.jpg,image_05807_p0_b0_c7.jpg
2004,image_05809_p0_b0_c7.jpg,image_05809_p0_b1_c0.jpg
2005,image_05809_p0_b1_c0.jpg,image_05809_p0_b0_c7.jpg
2006,image_05811_p0_b0_c7.jpg,image_05811_p0_b1_c0.jpg
2007,image_05811_p0_b1_c0.jpg,image_05811_p0_b0_c7.jpg
2008,image_05817_p0_b0_c7.jpg,image_05817_p0_b1_c0.jpg
2009,image_05817_p0_b1_c0.jpg,image_05817_p0_b0_c7.jpg
2010,image_05826_p0_b0_c7.jpg,image_05826_p0_b1_c0.jpg
2011,image_05826_p0_b1_c0.jpg,image_05826_p0_b0_c7.jpg
2012,image_05831_p0_b0_c7.jpg,image_05831_p0_b1_c0.jpg
2013,image_05831_p0_b1_c0.jpg,image_05831_p0_b0_c7.jpg
2014,image_05840_p0_b0_c7.jpg,image_05840_p0_b1_c0.jpg
2015,image_05840_p0_b1_c0.jpg,image_05840_p0_b0_c7.jpg
2016,image_05842_p1_b0_c7.jpg,image_05842_p1_b1_c0.jpg
2017,image_05842_p1_b1_c0.jpg,image_05842_p1_b0_c7.jpg
2018,image_05847_p0_b0_c7.jpg,image_05847_p0_b1_c0.jpg
2019,image_05847_p0_b1_c0.jpg,image_05847_p0_b0_c7.jpg
2020,image_05850_p0_b0_c7.jpg,image_05850_p0_b1_c0.jpg
2021,image_05850_p0_b1_c0.jpg,image_05850_p0_b0_c7.jpg
2022,image_05858_p0_b0_c7.jpg,image_05858_p0_b2_c0.jpg
2023,image_05858_p0_b2_c0.jpg,image_05858_p0_b0_c7.jpg
2024,image_05871_p0_b0_c7.jpg,image_05871_p0_b1_c0.jpg
2025,image_05871_p0_b1_c0.jpg,image_05871_p0_b0_c7.jpg
2026,image_05872_p0_b0_c7.jpg,image_05872_p0_b1_c0.jpg
2027,image_05872_p0_b1_c0.jpg,image_05872_p0_b0_c7.jpg
2028,image_05877_p0_b0_c7.jpg,image_05877_p0_b1_c0.jpg
2029,image_05877_p0_b1_c0.jpg,image_05877_p0_b0_c7.jpg
2030,image_05879_p0_b0_c7.jpg,image_05879_p0_b2_c0.jpg
2031,image_05879_p0_b2_c0.jpg,image_05879_p0_b0_c7.jpg
2032,image_05884_p0_b0_c7.jpg,image_05884_p0_b1_c0.jpg
2033,image_05884_p0_b1_c0.jpg,image_05884_p0_b0_c7.jpg
2034,image_05890_p0_b0_c7.jpg,image_05890_p0_b1_c0.jpg
2035,image_05890_p0_b1_c0.jpg,image_05890_p0_b0_c7.jpg
2036,image_05899_p0_b0_c6.jpg,image_05899_p0_b1_c0.jpg
2037,image_05899_p0_b1_c0.jpg,image_05899_p0_b0_c6.jpg
2038,image_05914_p0_b0_c7.jpg,image_05914_p0_b1_c0.jpg
2039,image_05914_p0_b1_c0.jpg,image_05914_p0_b0_c7.jpg
2040,image_05917_p0_b0_c7.jpg,image_05917_p0_b1_c0.jpg
2041,image_05917_p0_b1_c0.jpg,image_05917_p0_b0_c7.jpg
2042,image_05918_p0_b0_c7.jpg,image_05918_p0_b1_c0.jpg
2043,image_05918_p0_b1_c0.jpg,image_05918_p0_b0_c7.jpg
2044,image_05923_p0_b0_c7.jpg,image_05923_p0_b1_c0.jpg
2045,image_05923_p0_b1_c0.jpg,image_05923_p0_b0_c7.jpg
2046,image_05925_p0_b0_c7.jpg,image_05925_p0_b1_c0.jpg
2047,image_05925_p0_b1_c0.jpg,image_05925_p0_b0_c7.jpg
2048,image_05935_p0_b0_c7.jpg,image_05935_p0_b1_c0.jpg
2049,image_05935_p0_b1_c0.jpg,image_05935_p0_b0_c7.jpg
2050,image_05944_p0_b0_c7.jpg,image_05944_p0_b1_c0.jpg
2051,image_05944_p0_b1_c0.jpg,image_05944_p0_b0_c7.jpg
2052,image_05951_p0_b0_c7.jpg,image_05951_p0_b1_c0.jpg
2053,image_05951_p0_b1_c0.jpg,image_05951_p0_b0_c7.jpg
2054,image_05964_p0_b0_c7.jpg,image_05964_p0_b1_c0.jpg
2055,image_05964_p0_b1_c0.jpg,image_05964_p0_b0_c7.jpg
2056,image_05967_p0_b0_c7.jpg,image_05967_p0_b1_c0.jpg
2057,image_05967_p0_b1_c0.jpg,image_05967_p0_b0_c7.jpg
2058,image_05978_p0_b0_c6.jpg,image_05978_p0_b1_c0.jpg
2059,image_05978_p0_b1_c0.jpg,image_05978_p0_b0_c6.jpg
2060,image_05983_p0_b0_c7.jpg,image_05983_p0_b1_c0.jpg
2061,image_05983_p0_b1_c0.jpg,image_05983_p0_b0_c7.jpg
2062,image_05995_p0_b0_c7.jpg,image_05995_p0_b1_c0.jpg
2063,image_05995_p0_b1_c0.jpg,image_05995_p0_b0_c7.jpg
2064,image_05997_p0_b0_c7.jpg,image_05997_p0_b1_c0.jpg
2065,image_05997_p0_b1_c0.jpg,image_05997_p0_b0_c7.jpg
2066,image_05998_p0_b0_c7.jpg,image_05998_p0_b1_c0.jpg
2067,image_05998_p0_b1_c0.jpg,image_05998_p0_b0_c7.jpg
2068,image_05999_p0_b0_c0.jpg,image_05999_p0_b1_c7.jpg
2069,image_05999_p0_b1_c7.jpg,image_05999_p0_b0_c0.jpg
2070,image_06002_p0_b0_c7.jpg,image_06002_p0_b1_c0.jpg
2071,image_06002_p0_b1_c0.jpg,image_06002_p0_b0_c7.jpg
2072,image_06003_p0_b0_c7.jpg,image_06003_p0_b1_c0.jpg
2073,image_06003_p0_b1_c0.jpg,image_06003_p0_b0_c7.jpg
2074,image_06006_p0_b0_c6.jpg,image_06006_p0_b1_c1.jpg
2075,image_06006_p0_b1_c1.jpg,image_06006_p0_b0_c6.jpg
2076,image_06007_p0_b0_c7.jpg,image_06007_p0_b1_c0.jpg
2077,image_06007_p0_b1_c0.jpg,image_06007_p0_b0_c7.jpg
2078,image_06010_p0_b0_c7.jpg,image_06010_p0_b1_c0.jpg
2079,image_06010_p0_b1_c0.jpg,image_06010_p0_b0_c7.jpg
2080,image_06022_p0_b0_c7.jpg,image_06022_p0_b1_c0.jpg
2081,image_06022_p0_b1_c0.jpg,image_06022_p0_b0_c7.jpg
2082,image_06023_p0_b0_c7.jpg,image_06023_p0_b1_c0.jpg
2083,image_06023_p0_b1_c0.jpg,image_06023_p0_b0_c7.jpg
2084,image_06027_p0_b0_c7.jpg,image_06027_p0_b1_c0.jpg
2085,image_06027_p0_b1_c0.jpg,image_06027_p0_b0_c7.jpg
2086,image_06032_p0_b0_c7.jpg,image_06032_p0_b1_c0.jpg
2087,image_06032_p0_b1_c0.jpg,image_06032_p0_b0_c7.jpg
2088,image_06038_p0_b0_c7.jpg,image_06038_p0_b1_c0.jpg
2089,image_06038_p0_b1_c0.jpg,image_06038_p0_b0_c7.jpg
2090,image_06039_p0_b0_c0.jpg,image_06039_p0_b1_c7.jpg
2091,image_06039_p0_b1_c7.jpg,image_06039_p0_b0_c0.jpg
2092,image_06048_p0_b0_c7.jpg,image_06048_p0_b1_c0.jpg
2093,image_06048_p0_b1_c0.jpg,image_06048_p0_b0_c7.jpg
2094,image_06050_p0_b0_c7.jpg,image_06050_p0_b1_c0.jpg
2095,image_06050_p0_b1_c0.jpg,image_06050_p0_b0_c7.jpg
2096,image_06050_p1_b0_c7.jpg,image_06050_p1_b1_c0.jpg
2097,image_06050_p1_b1_c0.jpg,image_06050_p1_b0_c7.jpg
2098,image_06050_p2_b0_c7.jpg,image_06050_p2_b1_c0.jpg
2099,image_06050_p2_b1_c0.jpg,image_06050_p2_b0_c7.jpg
2100,image_06050_p4_b0_c7.jpg,image_06050_p4_b1_c0.jpg
2101,image_06050_p4_b1_c0.jpg,image_06050_p4_b0_c7.jpg
2102,image_06057_p0_b0_c7.jpg,image_06057_p0_b1_c0.jpg
2103,image_06057_p0_b1_c0.jpg,image_06057_p0_b0_c7.jpg
2104,image_06072_p0_b0_c7.jpg,image_06072_p0_b1_c0.jpg
2105,image_06072_p0_b1_c0.jpg,image_06072_p0_b0_c7.jpg
2106,image_06075_p0_b0_c7.jpg,image_06075_p0_b1_c0.jpg
2107,image_06075_p0_b1_c0.jpg,image_06075_p0_b0_c7.jpg
2108,image_06079_p0_b0_c7.jpg,image_06079_p0_b1_c0.jpg
2109,image_06079_p0_b1_c0.jpg,image_06079_p0_b0_c7.jpg
2110,image_06085_p0_b0_c7.jpg,image_06085_p0_b1_c0.jpg
2111,image_06085_p0_b1_c0.jpg,image_06085_p0_b0_c7.jpg
2112,image_06100_p0_b0_c7.jpg,image_06100_p0_b1_c0.jpg
2113,image_06100_p0_b1_c0.jpg,image_06100_p0_b0_c7.jpg
2114,image_06112_p0_b0_c7.jpg,image_06112_p0_b1_c0.jpg
2115,image_06112_p0_b1_c0.jpg,image_06112_p0_b0_c7.jpg
2116,image_06119_p0_b0_c7.jpg,image_06119_p0_b1_c0.jpg
2117,image_06119_p0_b1_c0.jpg,image_06119_p0_b0_c7.jpg
2118,image_06124_p0_b0_c7.jpg,image_06124_p0_b1_c0.jpg
2119,image_06124_p0_b1_c0.jpg,image_06124_p0_b0_c7.jpg
2120,image_06143_p0_b0_c7.jpg,image_06143_p0_b1_c0.jpg
2121,image_06143_p0_b1_c0.jpg,image_06143_p0_b0_c7.jpg
2122,image_06148_p0_b0_c7.jpg,image_06148_p0_b1_c0.jpg
2123,image_06148_p0_b1_c0.jpg,image_06148_p0_b0_c7.jpg
2124,image_06149_p0_b0_c7.jpg,image_06149_p0_b1_c0.jpg
2125,image_06149_p0_b1_c0.jpg,image_06149_p0_b0_c7.jpg
2126,image_06151_p0_b0_c7.jpg,image_06151_p0_b1_c0.jpg
2127,image_06151_p0_b1_c0.jpg,image_06151_p0_b0_c7.jpg
2128,image_06159_p0_b0_c7.jpg,image_06159_p0_b1_c0.jpg
2129,image_06159_p0_b1_c0.jpg,image_06159_p0_b0_c7.jpg
2130,image_06162_p0_b0_c7.jpg,image_06162_p0_b2_c0.jpg
2131,image_06162_p0_b2_c0.jpg,image_06162_p0_b0_c7.jpg
2132,image_06165_p0_b1_c0.jpg,image_06165_p0_b2_c7.jpg
2133,image_06165_p0_b2_c7.jpg,image_06165_p0_b1_c0.jpg
2134,image_06180_p0_b0_c7.jpg,image_06180_p0_b1_c0.jpg
2135,image_06180_p0_b1_c0.jpg,image_06180_p0_b0_c7.jpg
2136,image_06185_p0_b0_c7.jpg,image_06185_p0_b1_c0.jpg
2137,image_06185_p0_b1_c0.jpg,image_06185_p0_b0_c7.jpg
2138,image_06197_p0_b0_c7.jpg,image_06197_p0_b1_c0.jpg
2139,image_06197_p0_b1_c0.jpg,image_06197_p0_b0_c7.jpg
2140,image_06200_p0_b0_c7.jpg,image_06200_p0_b1_c0.jpg
2141,image_06200_p0_b1_c0.jpg,image_06200_p0_b0_c7.jpg
2142,image_06201_p0_b0_c7.jpg,image_06201_p0_b1_c0.jpg
2143,image_06201_p0_b1_c0.jpg,image_06201_p0_b0_c7.jpg
2144,image_06203_p0_b0_c7.jpg,image_06203_p0_b1_c0.jpg
2145,image_06203_p0_b1_c0.jpg,image_06203_p0_b0_c7.jpg
2146,image_06208_p0_b0_c7.jpg,image_06208_p0_b1_c0.jpg
2147,image_06208_p0_b1_c0.jpg,image_06208_p0_b0_c7.jpg
2148,image_06211_p0_b0_c0.jpg,image_06211_p0_b1_c6.jpg
2149,image_06211_p0_b1_c6.jpg,image_06211_p0_b0_c0.jpg
2150,image_06216_p0_b0_c7.jpg,image_06216_p0_b1_c0.jpg
2151,image_06216_p0_b1_c0.jpg,image_06216_p0_b0_c7.jpg
2152,image_06219_p0_b0_c7.jpg,image_06219_p0_b1_c0.jpg
2153,image_06219_p0_b1_c0.jpg,image_06219_p0_b0_c7.jpg
2154,image_06220_p0_b0_c7.jpg,image_06220_p0_b1_c0.jpg
2155,image_06220_p0_b1_c0.jpg,image_06220_p0_b0_c7.jpg
2156,image_06225_p0_b0_c7.jpg,image_06225_p0_b1_c0.jpg
2157,image_06225_p0_b1_c0.jpg,image_06225_p0_b0_c7.jpg
2158,image_06226_p0_b0_c7.jpg,image_06226_p0_b1_c0.jpg
2159,image_06226_p0_b1_c0.jpg,image_06226_p0_b0_c7.jpg
2160,image_06233_p0_b0_c7.jpg,image_06233_p0_b1_c0.jpg
2161,image_06233_p0_b1_c0.jpg,image_06233_p0_b0_c7.jpg
2162,image_06235_p0_b0_c7.jpg,image_06235_p0_b1_c0.jpg
2163,image_06235_p0_b1_c0.jpg,image_06235_p0_b0_c7.jpg
2164,image_06238_p0_b0_c7.jpg,image_06238_p0_b1_c0.jpg
2165,image_06238_p0_b1_c0.jpg,image_06238_p0_b0_c7.jpg
2166,image_06244_p0_b0_c7.jpg,image_06244_p0_b1_c0.jpg
2167,image_06244_p0_b1_c0.jpg,image_06244_p0_b0_c7.jpg
2168,image_06249_p0_b0_c7.jpg,image_06249_p0_b1_c0.jpg
2169,image_06249_p0_b1_c0.jpg,image_06249_p0_b0_c7.jpg
2170,image_06260_p0_b0_c7.jpg,image_06260_p0_b1_c0.jpg
2171,image_06260_p0_b1_c0.jpg,image_06260_p0_b0_c7.jpg
2172,image_06266_p0_b0_c7.jpg,image_06266_p0_b2_c0.jpg
2173,image_06266_p0_b2_c0.jpg,image_06266_p0_b0_c7.jpg
2174,image_06284_p0_b0_c7.jpg,image_06284_p0_b1_c0.jpg
2175,image_06284_p0_b1_c0.jpg,image_06284_p0_b0_c7.jpg
2176,image_06287_p0_b0_c7.jpg,image_06287_p0_b2_c0.jpg
2177,image_06287_p0_b2_c0.jpg,image_06287_p0_b0_c7.jpg
2178,image_06292_p0_b0_c0.jpg,image_06292_p0_b1_c6.jpg
2179,image_06292_p0_b1_c6.jpg,image_06292_p0_b0_c0.jpg
2180,image_06294_p0_b0_c7.jpg,image_06294_p0_b2_c0.jpg
2181,image_06294_p0_b2_c0.jpg,image_06294_p0_b0_c7.jpg
2182,image_06296_p0_b0_c7.jpg,image_06296_p0_b2_c0.jpg
2183,image_06296_p0_b2_c0.jpg,image_06296_p0_b0_c7.jpg
2184,image_06299_p0_b2_c6.jpg,image_06299_p0_b3_c0.jpg
2185,image_06299_p0_b3_c0.jpg,image_06299_p0_b2_c6.jpg
2186,image_06301_p0_b0_c7.jpg,image_06301_p0_b1_c0.jpg
2187,image_06301_p0_b1_c0.jpg,image_06301_p0_b0_c7.jpg
2188,image_06311_p0_b0_c0.jpg,image_06311_p0_b1_c7.jpg
2189,image_06311_p0_b1_c7.jpg,image_06311_p0_b0_c0.jpg
2190,image_06319_p0_b0_c7.jpg,image_06319_p0_b1_c0.jpg
2191,image_06319_p0_b1_c0.jpg,image_06319_p0_b0_c7.jpg
2192,image_06322_p0_b0_c7.jpg,image_06322_p0_b1_c0.jpg
2193,image_06322_p0_b1_c0.jpg,image_06322_p0_b0_c7.jpg
2194,image_06323_p1_b0_c7.jpg,image_06323_p1_b1_c0.jpg
2195,image_06323_p1_b1_c0.jpg,image_06323_p1_b0_c7.jpg
2196,image_06325_p0_b0_c7.jpg,image_06325_p0_b1_c0.jpg
2197,image_06325_p0_b1_c0.jpg,image_06325_p0_b0_c7.jpg
2198,image_06328_p0_b0_c7.jpg,image_06328_p0_b1_c0.jpg
2199,image_06328_p0_b1_c0.jpg,image_06328_p0_b0_c7.jpg
2200,image_06337_p0_b0_c7.jpg,image_06337_p0_b1_c0.jpg
2201,image_06337_p0_b1_c0.jpg,image_06337_p0_b0_c7.jpg
2202,image_06341_p0_b0_c6.jpg,image_06341_p0_b1_c0.jpg
2203,image_06341_p0_b1_c0.jpg,image_06341_p0_b0_c6.jpg
2204,image_06343_p0_b0_c0.jpg,image_06343_p0_b1_c6.jpg
2205,image_06343_p0_b1_c6.jpg,image_06343_p0_b0_c0.jpg
2206,image_06346_p0_b0_c7.jpg,image_06346_p0_b1_c0.jpg
2207,image_06346_p0_b1_c0.jpg,image_06346_p0_b0_c7.jpg
2208,image_06356_p0_b0_c7.jpg,image_06356_p0_b2_c0.jpg
2209,image_06356_p0_b2_c0.jpg,image_06356_p0_b0_c7.jpg
2210,image_06368_p0_b0_c8.jpg,image_06368_p0_b1_c0.jpg
2211,image_06368_p0_b1_c0.jpg,image_06368_p0_b0_c8.jpg
2212,image_06376_p0_b0_c7.jpg,image_06376_p0_b1_c8.jpg
2213,image_06376_p0_b1_c8.jpg,image_06376_p0_b0_c7.jpg
2214,image_06377_p0_b0_c7.jpg,image_06377_p0_b1_c0.jpg
2215,image_06377_p0_b1_c0.jpg,image_06377_p0_b0_c7.jpg
2216,image_06383_p0_b1_c0.jpg,image_06383_p0_b2_c7.jpg
2217,image_06383_p0_b2_c7.jpg,image_06383_p0_b1_c0.jpg
2218,image_06386_p0_b0_c7.jpg,image_06386_p0_b1_c0.jpg
2219,image_06386_p0_b1_c0.jpg,image_06386_p0_b0_c7.jpg
2220,image_06390_p0_b0_c7.jpg,image_06390_p0_b1_c0.jpg
2221,image_06390_p0_b1_c0.jpg,image_06390_p0_b0_c7.jpg
2222,image_06393_p1_b0_c7.jpg,image_06393_p1_b1_c0.jpg
2223,image_06393_p1_b1_c0.jpg,image_06393_p1_b0_c7.jpg
2224,image_06397_p0_b0_c7.jpg,image_06397_p0_b1_c0.jpg
2225,image_06397_p0_b1_c0.jpg,image_06397_p0_b0_c7.jpg
2226,image_06402_p0_b0_c7.jpg,image_06402_p0_b1_c0.jpg
2227,image_06402_p0_b1_c0.jpg,image_06402_p0_b0_c7.jpg
2228,image_06406_p0_b0_c7.jpg,image_06406_p0_b1_c0.jpg
2229,image_06406_p0_b1_c0.jpg,image_06406_p0_b0_c7.jpg
2230,image_06413_p0_b1_c7.jpg,image_06413_p0_b5_c1.jpg
2231,image_06413_p0_b5_c1.jpg,image_06413_p0_b1_c7.jpg
2232,image_06418_p0_b0_c7.jpg,image_06418_p0_b1_c1.jpg
2233,image_06418_p0_b1_c1.jpg,image_06418_p0_b0_c7.jpg
2234,image_06422_p0_b0_c7.jpg,image_06422_p0_b1_c0.jpg
2235,image_06422_p0_b1_c0.jpg,image_06422_p0_b0_c7.jpg
2236,image_06431_p1_b0_c7.jpg,image_06431_p1_b2_c0.jpg
2237,image_06431_p1_b2_c0.jpg,image_06431_p1_b0_c7.jpg
2238,image_06431_p2_b0_c7.jpg,image_06431_p2_b3_c0.jpg
2239,image_06431_p2_b3_c0.jpg,image_06431_p2_b0_c7.jpg
2240,image_06451_p0_b0_c7.jpg,image_06451_p0_b1_c0.jpg
2241,image_06451_p0_b1_c0.jpg,image_06451_p0_b0_c7.jpg
2242,image_06456_p0_b0_c7.jpg,image_06456_p0_b1_c0.jpg
2243,image_06456_p0_b1_c0.jpg,image_06456_p0_b0_c7.jpg
2244,image_06458_p0_b0_c7.jpg,image_06458_p0_b1_c0.jpg
2245,image_06458_p0_b1_c0.jpg,image_06458_p0_b0_c7.jpg
2246,image_06459_p0_b0_c7.jpg,image_06459_p0_b1_c0.jpg
2247,image_06459_p0_b1_c0.jpg,image_06459_p0_b0_c7.jpg
2248,image_06460_p0_b0_c6.jpg,image_06460_p0_b1_c0.jpg
2249,image_06460_p0_b1_c0.jpg,image_06460_p0_b0_c6.jpg
2250,image_06464_p0_b0_c7.jpg,image_06464_p0_b1_c0.jpg
2251,image_06464_p0_b1_c0.jpg,image_06464_p0_b0_c7.jpg
2252,image_06468_p0_b0_c7.jpg,image_06468_p0_b1_c0.jpg
2253,image_06468_p0_b1_c0.jpg,image_06468_p0_b0_c7.jpg
2254,image_06471_p0_b0_c7.jpg,image_06471_p0_b1_c0.jpg
2255,image_06471_p0_b1_c0.jpg,image_06471_p0_b0_c7.jpg
2256,image_06472_p0_b0_c7.jpg,image_06472_p0_b1_c0.jpg
2257,image_06472_p0_b1_c0.jpg,image_06472_p0_b0_c7.jpg
2258,image_06473_p0_b2_c0.jpg,image_06473_p0_b3_c7.jpg
2259,image_06473_p0_b3_c7.jpg,image_06473_p0_b2_c0.jpg
2260,image_06493_p0_b0_c7.jpg,image_06493_p0_b1_c0.jpg
2261,image_06493_p0_b1_c0.jpg,image_06493_p0_b0_c7.jpg
2262,image_06494_p0_b0_c7.jpg,image_06494_p0_b1_c0.jpg
2263,image_06494_p0_b1_c0.jpg,image_06494_p0_b0_c7.jpg
2264,image_06498_p0_b0_c7.jpg,image_06498_p0_b1_c0.jpg
2265,image_06498_p0_b1_c0.jpg,image_06498_p0_b0_c7.jpg
2266,image_06502_p0_b0_c7.jpg,image_06502_p0_b1_c0.jpg
2267,image_06502_p0_b1_c0.jpg,image_06502_p0_b0_c7.jpg
2268,image_06526_p0_b0_c7.jpg,image_06526_p0_b1_c0.jpg
2269,image_06526_p0_b1_c0.jpg,image_06526_p0_b0_c7.jpg
2270,image_06534_p0_b0_c7.jpg,image_06534_p0_b1_c0.jpg
2271,image_06534_p0_b1_c0.jpg,image_06534_p0_b0_c7.jpg
2272,image_06538_p0_b1_c7.jpg,image_06538_p0_b2_c0.jpg
2273,image_06538_p0_b2_c0.jpg,image_06538_p0_b1_c7.jpg
2274,image_06542_p0_b0_c7.jpg,image_06542_p0_b1_c0.jpg
2275,image_06542_p0_b1_c0.jpg,image_06542_p0_b0_c7.jpg
2276,image_06544_p0_b0_c7.jpg,image_06544_p0_b1_c0.jpg
2277,image_06544_p0_b1_c0.jpg,image_06544_p0_b0_c7.jpg
2278,image_06548_p0_b1_c7.jpg,image_06548_p0_b2_c0.jpg
2279,image_06548_p0_b2_c0.jpg,image_06548_p0_b1_c7.jpg
2280,image_06555_p0_b0_c7.jpg,image_06555_p0_b1_c0.jpg
2281,image_06555_p0_b1_c0.jpg,image_06555_p0_b0_c7.jpg
2282,image_06560_p0_b0_c7.jpg,image_06560_p0_b1_c0.jpg
2283,image_06560_p0_b1_c0.jpg,image_06560_p0_b0_c7.jpg
2284,image_06561_p0_b0_c7.jpg,image_06561_p0_b1_c0.jpg
2285,image_06561_p0_b1_c0.jpg,image_06561_p0_b0_c7.jpg
2286,image_06563_p0_b0_c7.jpg,image_06563_p0_b1_c0.jpg
2287,image_06563_p0_b1_c0.jpg,image_06563_p0_b0_c7.jpg
2288,image_06577_p0_b0_c7.jpg,image_06577_p0_b1_c0.jpg
2289,image_06577_p0_b1_c0.jpg,image_06577_p0_b0_c7.jpg
2290,image_06579_p0_b0_c7.jpg,image_06579_p0_b1_c0.jpg
2291,image_06579_p0_b1_c0.jpg,image_06579_p0_b0_c7.jpg
2292,image_06592_p0_b0_c7.jpg,image_06592_p0_b1_c0.jpg
2293,image_06592_p0_b1_c0.jpg,image_06592_p0_b0_c7.jpg
2294,image_06594_p0_b0_c7.jpg,image_06594_p0_b3_c0.jpg
2295,image_06594_p0_b3_c0.jpg,image_06594_p0_b0_c7.jpg
2296,image_06603_p0_b0_c7.jpg,image_06603_p0_b2_c0.jpg
2297,image_06603_p0_b2_c0.jpg,image_06603_p0_b0_c7.jpg
2298,image_06607_p0_b0_c7.jpg,image_06607_p0_b1_c0.jpg
2299,image_06607_p0_b1_c0.jpg,image_06607_p0_b0_c7.jpg
2300,image_06614_p0_b0_c7.jpg,image_06614_p0_b1_c0.jpg
2301,image_06614_p0_b1_c0.jpg,image_06614_p0_b0_c7.jpg
2302,image_06618_p0_b0_c8.jpg,image_06618_p0_b1_c1.jpg
2303,image_06618_p0_b1_c1.jpg,image_06618_p0_b0_c8.jpg
2304,image_06625_p0_b0_c6.jpg,image_06625_p0_b1_c0.jpg
2305,image_06625_p0_b1_c0.jpg,image_06625_p0_b0_c6.jpg
2306,image_06627_p0_b0_c7.jpg,image_06627_p0_b1_c0.jpg
2307,image_06627_p0_b1_c0.jpg,image_06627_p0_b0_c7.jpg
2308,image_06628_p0_b0_c7.jpg,image_06628_p0_b1_c0.jpg
2309,image_06628_p0_b1_c0.jpg,image_06628_p0_b0_c7.jpg
2310,image_06629_p0_b0_c7.jpg,image_06629_p0_b1_c0.jpg
2311,image_06629_p0_b1_c0.jpg,image_06629_p0_b0_c7.jpg
2312,image_06631_p0_b0_c7.jpg,image_06631_p0_b1_c0.jpg
2313,image_06631_p0_b1_c0.jpg,image_06631_p0_b0_c7.jpg
2314,image_06639_p0_b0_c7.jpg,image_06639_p0_b1_c0.jpg
2315,image_06639_p0_b1_c0.jpg,image_06639_p0_b0_c7.jpg
2316,image_06640_p0_b0_c7.jpg,image_06640_p0_b1_c0.jpg
2317,image_06640_p0_b1_c0.jpg,image_06640_p0_b0_c7.jpg
2318,image_06649_p0_b0_c7.jpg,image_06649_p0_b1_c0.jpg
2319,image_06649_p0_b1_c0.jpg,image_06649_p0_b0_c7.jpg
2320,image_06651_p0_b0_c7.jpg,image_06651_p0_b1_c0.jpg
2321,image_06651_p0_b1_c0.jpg,image_06651_p0_b0_c7.jpg
2322,image_06654_p0_b0_c7.jpg,image_06654_p0_b2_c0.jpg
2323,image_06654_p0_b2_c0.jpg,image_06654_p0_b0_c7.jpg
2324,image_06656_p0_b0_c7.jpg,image_06656_p0_b1_c0.jpg
2325,image_06656_p0_b1_c0.jpg,image_06656_p0_b0_c7.jpg
2326,image_06659_p0_b0_c0.jpg,image_06659_p0_b1_c6.jpg
2327,image_06659_p0_b1_c6.jpg,image_06659_p0_b0_c0.jpg
2328,image_06663_p0_b0_c7.jpg,image_06663_p0_b1_c0.jpg
2329,image_06663_p0_b1_c0.jpg,image_06663_p0_b0_c7.jpg
2330,image_06667_p0_b0_c7.jpg,image_06667_p0_b1_c0.jpg
2331,image_06667_p0_b1_c0.jpg,image_06667_p0_b0_c7.jpg
2332,image_06695_p0_b0_c7.jpg,image_06695_p0_b1_c0.jpg
2333,image_06695_p0_b1_c0.jpg,image_06695_p0_b0_c7.jpg
2334,image_06702_p0_b0_c7.jpg,image_06702_p0_b1_c0.jpg
2335,image_06702_p0_b1_c0.jpg,image_06702_p0_b0_c7.jpg
2336,image_06704_p0_b0_c7.jpg,image_06704_p0_b1_c0.jpg
2337,image_06704_p0_b1_c0.jpg,image_06704_p0_b0_c7.jpg
2338,image_06725_p0_b1_c6.jpg,image_06725_p0_b2_c0.jpg
2339,image_06725_p0_b2_c0.jpg,image_06725_p0_b1_c6.jpg
2340,image_06727_p0_b0_c7.jpg,image_06727_p0_b1_c0.jpg
2341,image_06727_p0_b1_c0.jpg,image_06727_p0_b0_c7.jpg
2342,image_06730_p0_b0_c7.jpg,image_06730_p0_b2_c0.jpg
2343,image_06730_p0_b2_c0.jpg,image_06730_p0_b0_c7.jpg
2344,image_06749_p0_b0_c7.jpg,image_06749_p0_b1_c0.jpg
2345,image_06749_p0_b1_c0.jpg,image_06749_p0_b0_c7.jpg
2346,image_06768_p0_b0_c7.jpg,image_06768_p0_b1_c0.jpg
2347,image_06768_p0_b1_c0.jpg,image_06768_p0_b0_c7.jpg
2348,image_06771_p0_b0_c7.jpg,image_06771_p0_b2_c0.jpg
2349,image_06771_p0_b2_c0.jpg,image_06771_p0_b0_c7.jpg
2350,image_06781_p0_b0_c7.jpg,image_06781_p0_b1_c0.jpg
2351,image_06781_p0_b1_c0.jpg,image_06781_p0_b0_c7.jpg
2352,image_06787_p0_b0_c7.jpg,image_06787_p0_b1_c0.jpg
2353,image_06787_p0_b1_c0.jpg,image_06787_p0_b0_c7.jpg
2354,image_06788_p0_b0_c7.jpg,image_06788_p0_b1_c0.jpg
2355,image_06788_p0_b1_c0.jpg,image_06788_p0_b0_c7.jpg
2356,image_06792_p0_b0_c7.jpg,image_06792_p0_b1_c0.jpg
2357,image_06792_p0_b1_c0.jpg,image_06792_p0_b0_c7.jpg
2358,image_06794_p0_b0_c7.jpg,image_06794_p0_b1_c0.jpg
2359,image_06794_p0_b1_c0.jpg,image_06794_p0_b0_c7.jpg
2360,image_06798_p0_b0_c7.jpg,image_06798_p0_b1_c0.jpg
2361,image_06798_p0_b1_c0.jpg,image_06798_p0_b0_c7.jpg
2362,image_06800_p0_b0_c7.jpg,image_06800_p0_b1_c0.jpg
2363,image_06800_p0_b1_c0.jpg,image_06800_p0_b0_c7.jpg
2364,image_06806_p0_b0_c0.jpg,image_06806_p0_b1_c8.jpg
2365,image_06806_p0_b1_c8.jpg,image_06806_p0_b0_c0.jpg
2366,image_06808_p0_b0_c7.jpg,image_06808_p0_b1_c0.jpg
2367,image_06808_p0_b1_c0.jpg,image_06808_p0_b0_c7.jpg
2368,image_06811_p0_b0_c7.jpg,image_06811_p0_b1_c0.jpg
2369,image_06811_p0_b1_c0.jpg,image_06811_p0_b0_c7.jpg
2370,image_06822_p0_b0_c7.jpg,image_06822_p0_b1_c0.jpg
2371,image_06822_p0_b1_c0.jpg,image_06822_p0_b0_c7.jpg
2372,image_06832_p0_b0_c7.jpg,image_06832_p0_b1_c0.jpg
2373,image_06832_p0_b1_c0.jpg,image_06832_p0_b0_c7.jpg
2374,image_06837_p0_b0_c7.jpg,image_06837_p0_b1_c0.jpg
2375,image_06837_p0_b1_c0.jpg,image_06837_p0_b0_c7.jpg
2376,image_06841_p0_b0_c6.jpg,image_06841_p0_b1_c0.jpg
2377,image_06841_p0_b1_c0.jpg,image_06841_p0_b0_c6.jpg
2378,image_06842_p1_b0_c7.jpg,image_06842_p1_b1_c0.jpg
2379,image_06842_p1_b1_c0.jpg,image_06842_p1_b0_c7.jpg
2380,image_06842_p3_b0_c0.jpg,image_06842_p3_b1_c8.jpg
2381,image_06842_p3_b1_c8.jpg,image_06842_p3_b0_c0.jpg
2382,image_06851_p0_b0_c7.jpg,image_06851_p0_b1_c0.jpg
2383,image_06851_p0_b1_c0.jpg,image_06851_p0_b0_c7.jpg
2384,image_06858_p0_b0_c7.jpg,image_06858_p0_b1_c0.jpg
2385,image_06858_p0_b1_c0.jpg,image_06858_p0_b0_c7.jpg
2386,image_06882_p0_b0_c7.jpg,image_06882_p0_b1_c0.jpg
2387,image_06882_p0_b1_c0.jpg,image_06882_p0_b0_c7.jpg
2388,image_06888_p0_b0_c7.jpg,image_06888_p0_b1_c0.jpg
2389,image_06888_p0_b1_c0.jpg,image_06888_p0_b0_c7.jpg
2390,image_06892_p0_b0_c7.jpg,image_06892_p0_b1_c0.jpg
2391,image_06892_p0_b1_c0.jpg,image_06892_p0_b0_c7.jpg
2392,image_06898_p0_b0_c7.jpg,image_06898_p0_b1_c0.jpg
2393,image_06898_p0_b1_c0.jpg,image_06898_p0_b0_c7.jpg
2394,image_06900_p0_b0_c7.jpg,image_06900_p0_b1_c0.jpg
2395,image_06900_p0_b1_c0.jpg,image_06900_p0_b0_c7.jpg
2396,image_06918_p0_b0_c7.jpg,image_06918_p0_b2_c0.jpg
2397,image_06918_p0_b2_c0.jpg,image_06918_p0_b0_c7.jpg
2398,image_06920_p0_b0_c7.jpg,image_06920_p0_b1_c0.jpg
2399,image_06920_p0_b1_c0.jpg,image_06920_p0_b0_c7.jpg
2400,image_06922_p0_b0_c7.jpg,image_06922_p0_b1_c0.jpg
2401,image_06922_p0_b1_c0.jpg,image_06922_p0_b0_c7.jpg
2402,image_06924_p0_b0_c7.jpg,image_06924_p0_b1_c0.jpg
2403,image_06924_p0_b1_c0.jpg,image_06924_p0_b0_c7.jpg
2404,image_06925_p0_b0_c7.jpg,image_06925_p0_b1_c0.jpg
2405,image_06925_p0_b1_c0.jpg,image_06925_p0_b0_c7.jpg
2406,image_06937_p0_b0_c6.jpg,image_06937_p0_b2_c0.jpg
2407,image_06937_p0_b2_c0.jpg,image_06937_p0_b0_c6.jpg
2408,image_06946_p0_b0_c7.jpg,image_06946_p0_b2_c0.jpg
2409,image_06946_p0_b2_c0.jpg,image_06946_p0_b0_c7.jpg
2410,image_06947_p0_b0_c7.jpg,image_06947_p0_b1_c0.jpg
2411,image_06947_p0_b1_c0.jpg,image_06947_p0_b0_c7.jpg
2412,image_06962_p0_b0_c7.jpg,image_06962_p0_b1_c0.jpg
2413,image_06962_p0_b1_c0.jpg,image_06962_p0_b0_c7.jpg
2414,image_06964_p0_b0_c7.jpg,image_06964_p0_b1_c0.jpg
2415,image_06964_p0_b1_c0.jpg,image_06964_p0_b0_c7.jpg
2416,image_06966_p0_b0_c7.jpg,image_06966_p0_b1_c0.jpg
2417,image_06966_p0_b1_c0.jpg,image_06966_p0_b0_c7.jpg
2418,image_06969_p0_b0_c7.jpg,image_06969_p0_b2_c0.jpg
2419,image_06969_p0_b2_c0.jpg,image_06969_p0_b0_c7.jpg
2420,image_06973_p0_b0_c7.jpg,image_06973_p0_b1_c0.jpg
2421,image_06973_p0_b1_c0.jpg,image_06973_p0_b0_c7.jpg
2422,image_06983_p0_b0_c7.jpg,image_06983_p0_b1_c0.jpg
2423,image_06983_p0_b1_c0.jpg,image_06983_p0_b0_c7.jpg
2424,image_06984_p0_b0_c7.jpg,image_06984_p0_b2_c0.jpg
2425,image_06984_p0_b2_c0.jpg,image_06984_p0_b0_c7.jpg
2426,image_06987_p0_b0_c7.jpg,image_06987_p0_b1_c0.jpg
2427,image_06987_p0_b1_c0.jpg,image_06987_p0_b0_c7.jpg
2428,image_06990_p0_b0_c7.jpg,image_06990_p0_b1_c0.jpg
2429,image_06990_p0_b1_c0.jpg,image_06990_p0_b0_c7.jpg
2430,image_06993_p0_b0_c7.jpg,image_06993_p0_b1_c0.jpg
2431,image_06993_p0_b1_c0.jpg,image_06993_p0_b0_c7.jpg
2432,image_06994_p0_b0_c7.jpg,image_06994_p0_b1_c0.jpg
2433,image_06994_p0_b1_c0.jpg,image_06994_p0_b0_c7.jpg
2434,image_06999_p0_b0_c7.jpg,image_06999_p0_b1_c0.jpg
2435,image_06999_p0_b1_c0.jpg,image_06999_p0_b0_c7.jpg
2436,image_07002_p0_b0_c7.jpg,image_07002_p0_b2_c0.jpg
2437,image_07002_p0_b2_c0.jpg,image_07002_p0_b0_c7.jpg
2438,image_07012_p0_b0_c0.jpg,image_07012_p0_b1_c7.jpg
2439,image_07012_p0_b1_c7.jpg,image_07012_p0_b0_c0.jpg
2440,image_07018_p0_b0_c7.jpg,image_07018_p0_b1_c0.jpg
2441,image_07018_p0_b1_c0.jpg,image_07018_p0_b0_c7.jpg
2442,image_07026_p0_b0_c7.jpg,image_07026_p0_b1_c0.jpg
2443,image_07026_p0_b1_c0.jpg,image_07026_p0_b0_c7.jpg
2444,image_07033_p0_b0_c7.jpg,image_07033_p0_b1_c0.jpg
2445,image_07033_p0_b1_c0.jpg,image_07033_p0_b0_c7.jpg
2446,image_07034_p0_b1_c7.jpg,image_07034_p0_b2_c0.jpg
2447,image_07034_p0_b2_c0.jpg,image_07034_p0_b1_c7.jpg
2448,image_07036_p0_b0_c0.jpg,image_07036_p0_b1_c7.jpg
2449,image_07036_p0_b1_c7.jpg,image_07036_p0_b0_c0.jpg
2450,image_07040_p0_b0_c7.jpg,image_07040_p0_b1_c0.jpg
2451,image_07040_p0_b1_c0.jpg,image_07040_p0_b0_c7.jpg
2452,image_07046_p0_b0_c6.jpg,image_07046_p0_b2_c0.jpg
2453,image_07046_p0_b2_c0.jpg,image_07046_p0_b0_c6.jpg
2454,image_07048_p0_b2_c7.jpg,image_07048_p0_b3_c0.jpg
2455,image_07048_p0_b3_c0.jpg,image_07048_p0_b2_c7.jpg
2456,image_07049_p0_b0_c7.jpg,image_07049_p0_b1_c0.jpg
2457,image_07049_p0_b1_c0.jpg,image_07049_p0_b0_c7.jpg
2458,image_07050_p0_b0_c7.jpg,image_07050_p0_b1_c0.jpg
2459,image_07050_p0_b1_c0.jpg,image_07050_p0_b0_c7.jpg
2460,image_07053_p0_b0_c0.jpg,image_07053_p0_b1_c6.jpg
2461,image_07053_p0_b1_c6.jpg,image_07053_p0_b0_c0.jpg
2462,image_07055_p0_b0_c6.jpg,image_07055_p0_b1_c0.jpg
2463,image_07055_p0_b1_c0.jpg,image_07055_p0_b0_c6.jpg
2464,image_07057_p0_b0_c0.jpg,image_07057_p0_b1_c6.jpg
2465,image_07057_p0_b1_c6.jpg,image_07057_p0_b0_c0.jpg
2466,image_07063_p0_b0_c0.jpg,image_07063_p0_b2_c7.jpg
2467,image_07063_p0_b2_c7.jpg,image_07063_p0_b0_c0.jpg
2468,image_07073_p0_b0_c7.jpg,image_07073_p0_b1_c0.jpg
2469,image_07073_p0_b1_c0.jpg,image_07073_p0_b0_c7.jpg
2470,image_07074_p0_b0_c7.jpg,image_07074_p0_b1_c0.jpg
2471,image_07074_p0_b1_c0.jpg,image_07074_p0_b0_c7.jpg
2472,image_07076_p0_b0_c7.jpg,image_07076_p0_b2_c0.jpg
2473,image_07076_p0_b2_c0.jpg,image_07076_p0_b0_c7.jpg
2474,image_07077_p0_b0_c7.jpg,image_07077_p0_b1_c0.jpg
2475,image_07077_p0_b1_c0.jpg,image_07077_p0_b0_c7.jpg
2476,image_07083_p0_b0_c7.jpg,image_07083_p0_b2_c0.jpg
2477,image_07083_p0_b2_c0.jpg,image_07083_p0_b0_c7.jpg
2478,image_07094_p0_b0_c7.jpg,image_07094_p0_b1_c0.jpg
2479,image_07094_p0_b1_c0.jpg,image_07094_p0_b0_c7.jpg
2480,image_07096_p0_b0_c7.jpg,image_07096_p0_b1_c1.jpg
2481,image_07096_p0_b1_c1.jpg,image_07096_p0_b0_c7.jpg
2482,image_07100_p0_b0_c7.jpg,image_07100_p0_b1_c0.jpg
2483,image_07100_p0_b1_c0.jpg,image_07100_p0_b0_c7.jpg
2484,image_07102_p0_b0_c7.jpg,image_07102_p0_b1_c0.jpg
2485,image_07102_p0_b1_c0.jpg,image_07102_p0_b0_c7.jpg
2486,image_07108_p0_b0_c7.jpg,image_07108_p0_b1_c0.jpg
2487,image_07108_p0_b1_c0.jpg,image_07108_p0_b0_c7.jpg
2488,image_07117_p0_b0_c7.jpg,image_07117_p0_b1_c0.jpg
2489,image_07117_p0_b1_c0.jpg,image_07117_p0_b0_c7.jpg
2490,image_07119_p0_b0_c7.jpg,image_07119_p0_b1_c0.jpg
2491,image_07119_p0_b1_c0.jpg,image_07119_p0_b0_c7.jpg
2492,image_07121_p0_b0_c7.jpg,image_07121_p0_b1_c0.jpg
2493,image_07121_p0_b1_c0.jpg,image_07121_p0_b0_c7.jpg
2494,image_07122_p0_b0_c7.jpg,image_07122_p0_b1_c0.jpg
2495,image_07122_p0_b1_c0.jpg,image_07122_p0_b0_c7.jpg
2496,image_07123_p0_b0_c0.jpg,image_07123_p0_b1_c7.jpg
2497,image_07123_p0_b1_c7.jpg,image_07123_p0_b0_c0.jpg
2498,image_07127_p0_b0_c7.jpg,image_07127_p0_b1_c0.jpg
2499,image_07127_p0_b1_c0.jpg,image_07127_p0_b0_c7.jpg
2500,image_07131_p0_b0_c7.jpg,image_07131_p0_b1_c0.jpg
2501,image_07131_p0_b1_c0.jpg,image_07131_p0_b0_c7.jpg
2502,image_07134_p0_b1_c8.jpg,image_07134_p0_b2_c0.jpg
2503,image_07134_p0_b2_c0.jpg,image_07134_p0_b1_c8.jpg
2504,image_07139_p0_b0_c7.jpg,image_07139_p0_b1_c0.jpg
2505,image_07139_p0_b1_c0.jpg,image_07139_p0_b0_c7.jpg
2506,image_07140_p0_b0_c7.jpg,image_07140_p0_b1_c0.jpg
2507,image_07140_p0_b1_c0.jpg,image_07140_p0_b0_c7.jpg
2508,image_07141_p2_b0_c7.jpg,image_07141_p2_b1_c0.jpg
2509,image_07141_p2_b1_c0.jpg,image_07141_p2_b0_c7.jpg
2510,image_07142_p0_b0_c6.jpg,image_07142_p0_b1_c0.jpg
2511,image_07142_p0_b1_c0.jpg,image_07142_p0_b0_c6.jpg
2512,image_07145_p0_b0_c7.jpg,image_07145_p0_b1_c0.jpg
2513,image_07145_p0_b1_c0.jpg,image_07145_p0_b0_c7.jpg
2514,image_07148_p1_b0_c0.jpg,image_07148_p1_b1_c7.jpg
2515,image_07148_p1_b1_c7.jpg,image_07148_p1_b0_c0.jpg
2516,image_07150_p0_b0_c6.jpg,image_07150_p0_b1_c0.jpg
2517,image_07150_p0_b1_c0.jpg,image_07150_p0_b0_c6.jpg
2518,image_07152_p0_b0_c7.jpg,image_07152_p0_b2_c0.jpg
2519,image_07152_p0_b2_c0.jpg,image_07152_p0_b0_c7.jpg
2520,image_07157_p0_b0_c7.jpg,image_07157_p0_b1_c0.jpg
2521,image_07157_p0_b1_c0.jpg,image_07157_p0_b0_c7.jpg
2522,image_07162_p0_b0_c7.jpg,image_07162_p0_b1_c0.jpg
2523,image_07162_p0_b1_c0.jpg,image_07162_p0_b0_c7.jpg
2524,image_07164_p0_b0_c7.jpg,image_07164_p0_b2_c0.jpg
2525,image_07164_p0_b2_c0.jpg,image_07164_p0_b0_c7.jpg
2526,image_07168_p0_b0_c7.jpg,image_07168_p0_b1_c0.jpg
2527,image_07168_p0_b1_c0.jpg,image_07168_p0_b0_c7.jpg
2528,image_07171_p0_b0_c8.jpg,image_07171_p0_b1_c0.jpg
2529,image_07171_p0_b1_c0.jpg,image_07171_p0_b0_c8.jpg
2530,image_07175_p0_b0_c7.jpg,image_07175_p0_b1_c8.jpg
2531,image_07175_p0_b1_c8.jpg,image_07175_p0_b0_c7.jpg
2532,image_07182_p0_b0_c7.jpg,image_07182_p0_b1_c0.jpg
2533,image_07182_p0_b1_c0.jpg,image_07182_p0_b0_c7.jpg
2534,image_07192_p0_b0_c7.jpg,image_07192_p0_b1_c0.jpg
2535,image_07192_p0_b1_c0.jpg,image_07192_p0_b0_c7.jpg
2536,image_07193_p3_b0_c7.jpg,image_07193_p3_b1_c7.jpg
2537,image_07193_p3_b1_c7.jpg,image_07193_p3_b0_c7.jpg
2538,image_07197_p0_b0_c7.jpg,image_07197_p0_b1_c0.jpg
2539,image_07197_p0_b1_c0.jpg,image_07197_p0_b0_c7.jpg
2540,image_07205_p0_b0_c7.jpg,image_07205_p0_b1_c0.jpg
2541,image_07205_p0_b1_c0.jpg,image_07205_p0_b0_c7.jpg
2542,image_07206_p0_b0_c7.jpg,image_07206_p0_b1_c0.jpg
2543,image_07206_p0_b1_c0.jpg,image_07206_p0_b0_c7.jpg
2544,image_07208_p0_b0_c0.jpg,image_07208_p0_b1_c7.jpg
2545,image_07208_p0_b1_c7.jpg,image_07208_p0_b0_c0.jpg
2546,image_07216_p0_b0_c7.jpg,image_07216_p0_b1_c0.jpg
2547,image_07216_p0_b1_c0.jpg,image_07216_p0_b0_c7.jpg
2548,image_07220_p0_b0_c7.jpg,image_07220_p0_b1_c0.jpg
2549,image_07220_p0_b1_c0.jpg,image_07220_p0_b0_c7.jpg
2550,image_07222_p0_b0_c7.jpg,image_07222_p0_b1_c8.jpg
2551,image_07222_p0_b1_c8.jpg,image_07222_p0_b0_c7.jpg
2552,image_07223_p0_b0_c7.jpg,image_07223_p0_b1_c0.jpg
2553,image_07223_p0_b1_c0.jpg,image_07223_p0_b0_c7.jpg
2554,image_07230_p0_b0_c7.jpg,image_07230_p0_b2_c0.jpg
2555,image_07230_p0_b2_c0.jpg,image_07230_p0_b0_c7.jpg
2556,image_07231_p0_b0_c7.jpg,image_07231_p0_b1_c0.jpg
2557,image_07231_p0_b1_c0.jpg,image_07231_p0_b0_c7.jpg
2558,image_07236_p0_b0_c7.jpg,image_07236_p0_b2_c0.jpg
2559,image_07236_p0_b2_c0.jpg,image_07236_p0_b0_c7.jpg
2560,image_07246_p0_b0_c7.jpg,image_07246_p0_b1_c0.jpg
2561,image_07246_p0_b1_c0.jpg,image_07246_p0_b0_c7.jpg
2562,image_07255_p0_b0_c7.jpg,image_07255_p0_b1_c0.jpg
2563,image_07255_p0_b1_c0.jpg,image_07255_p0_b0_c7.jpg
2564,image_07257_p0_b0_c0.jpg,image_07257_p0_b1_c7.jpg
2565,image_07257_p0_b1_c7.jpg,image_07257_p0_b0_c0.jpg
2566,image_07264_p0_b0_c7.jpg,image_07264_p0_b1_c0.jpg
2567,image_07264_p0_b1_c0.jpg,image_07264_p0_b0_c7.jpg
2568,image_07266_p0_b0_c7.jpg,image_07266_p0_b2_c0.jpg
2569,image_07266_p0_b2_c0.jpg,image_07266_p0_b0_c7.jpg
2570,image_07267_p0_b0_c7.jpg,image_07267_p0_b1_c0.jpg
2571,image_07267_p0_b1_c0.jpg,image_07267_p0_b0_c7.jpg
2572,image_07268_p0_b0_c7.jpg,image_07268_p0_b2_c0.jpg
2573,image_07268_p0_b2_c0.jpg,image_07268_p0_b0_c7.jpg
2574,image_07269_p0_b0_c7.jpg,image_07269_p0_b1_c0.jpg
2575,image_07269_p0_b1_c0.jpg,image_07269_p0_b0_c7.jpg
2576,image_07278_p0_b0_c7.jpg,image_07278_p0_b1_c0.jpg
2577,image_07278_p0_b1_c0.jpg,image_07278_p0_b0_c7.jpg
2578,image_07280_p0_b0_c7.jpg,image_07280_p0_b1_c0.jpg
2579,image_07280_p0_b1_c0.jpg,image_07280_p0_b0_c7.jpg
2580,image_07284_p0_b0_c7.jpg,image_07284_p0_b1_c0.jpg
2581,image_07284_p0_b1_c0.jpg,image_07284_p0_b0_c7.jpg
2582,image_07285_p0_b0_c7.jpg,image_07285_p0_b1_c0.jpg
2583,image_07285_p0_b1_c0.jpg,image_07285_p0_b0_c7.jpg
2584,image_07286_p0_b0_c0.jpg,image_07286_p0_b1_c7.jpg
2585,image_07286_p0_b1_c7.jpg,image_07286_p0_b0_c0.jpg
2586,image_07291_p0_b0_c7.jpg,image_07291_p0_b1_c0.jpg
2587,image_07291_p0_b1_c0.jpg,image_07291_p0_b0_c7.jpg
2588,image_07293_p0_b0_c7.jpg,image_07293_p0_b1_c0.jpg
2589,image_07293_p0_b1_c0.jpg,image_07293_p0_b0_c7.jpg
2590,image_07298_p0_b0_c7.jpg,image_07298_p0_b1_c0.jpg
2591,image_07298_p0_b1_c0.jpg,image_07298_p0_b0_c7.jpg
2592,image_07301_p0_b0_c7.jpg,image_07301_p0_b1_c0.jpg
2593,image_07301_p0_b1_c0.jpg,image_07301_p0_b0_c7.jpg
2594,image_07303_p0_b0_c7.jpg,image_07303_p0_b1_c7.jpg
2595,image_07303_p0_b1_c7.jpg,image_07303_p0_b0_c7.jpg
2596,image_07320_p0_b0_c7.jpg,image_07320_p0_b1_c0.jpg
2597,image_07320_p0_b1_c0.jpg,image_07320_p0_b0_c7.jpg
2598,image_07322_p0_b0_c7.jpg,image_07322_p0_b3_c0.jpg
2599,image_07322_p0_b3_c0.jpg,image_07322_p0_b0_c7.jpg
2600,image_07323_p0_b0_c7.jpg,image_07323_p0_b1_c0.jpg
2601,image_07323_p0_b1_c0.jpg,image_07323_p0_b0_c7.jpg
2602,image_07325_p0_b0_c6.jpg,image_07325_p0_b3_c0.jpg
2603,image_07325_p0_b3_c0.jpg,image_07325_p0_b0_c6.jpg
2604,image_07330_p0_b0_c7.jpg,image_07330_p0_b1_c0.jpg
2605,image_07330_p0_b1_c0.jpg,image_07330_p0_b0_c7.jpg
2606,image_07331_p0_b0_c0.jpg,image_07331_p0_b1_c7.jpg
2607,image_07331_p0_b1_c7.jpg,image_07331_p0_b0_c0.jpg
2608,image_07332_p0_b0_c7.jpg,image_07332_p0_b1_c0.jpg
2609,image_07332_p0_b1_c0.jpg,image_07332_p0_b0_c7.jpg
2610,image_07340_p0_b2_c0.jpg,image_07340_p0_b3_c8.jpg
2611,image_07340_p0_b3_c8.jpg,image_07340_p0_b2_c0.jpg
2612,image_07344_p0_b0_c7.jpg,image_07344_p0_b1_c0.jpg
2613,image_07344_p0_b1_c0.jpg,image_07344_p0_b0_c7.jpg
2614,image_07345_p0_b0_c7.jpg,image_07345_p0_b1_c0.jpg
2615,image_07345_p0_b1_c0.jpg,image_07345_p0_b0_c7.jpg
2616,image_07346_p0_b0_c7.jpg,image_07346_p0_b1_c0.jpg
2617,image_07346_p0_b1_c0.jpg,image_07346_p0_b0_c7.jpg
2618,image_07347_p0_b0_c7.jpg,image_07347_p0_b1_c0.jpg
2619,image_07347_p0_b1_c0.jpg,image_07347_p0_b0_c7.jpg
2620,image_07360_p0_b0_c7.jpg,image_07360_p0_b1_c0.jpg
2621,image_07360_p0_b1_c0.jpg,image_07360_p0_b0_c7.jpg
2622,image_07362_p0_b0_c7.jpg,image_07362_p0_b1_c0.jpg
2623,image_07362_p0_b1_c0.jpg,image_07362_p0_b0_c7.jpg
2624,image_07364_p0_b0_c0.jpg,image_07364_p0_b1_c7.jpg
2625,image_07364_p0_b1_c7.jpg,image_07364_p0_b0_c0.jpg
2626,image_07378_p0_b0_c7.jpg,image_07378_p0_b1_c0.jpg
2627,image_07378_p0_b1_c0.jpg,image_07378_p0_b0_c7.jpg
2628,image_07382_p0_b0_c7.jpg,image_07382_p0_b2_c0.jpg
2629,image_07382_p0_b2_c0.jpg,image_07382_p0_b0_c7.jpg
2630,image_07388_p0_b0_c7.jpg,image_07388_p0_b1_c0.jpg
2631,image_07388_p0_b1_c0.jpg,image_07388_p0_b0_c7.jpg
2632,image_07390_p0_b0_c7.jpg,image_07390_p0_b2_c0.jpg
2633,image_07390_p0_b2_c0.jpg,image_07390_p0_b0_c7.jpg
2634,image_07400_p0_b0_c7.jpg,image_07400_p0_b1_c0.jpg
2635,image_07400_p0_b1_c0.jpg,image_07400_p0_b0_c7.jpg
2636,image_07401_p0_b0_c7.jpg,image_07401_p0_b1_c0.jpg
2637,image_07401_p0_b1_c0.jpg,image_07401_p0_b0_c7.jpg
2638,image_07402_p0_b3_c0.jpg,image_07402_p0_b5_c6.jpg
2639,image_07402_p0_b5_c6.jpg,image_07402_p0_b3_c0.jpg
2640,image_07405_p0_b0_c0.jpg,image_07405_p0_b1_c8.jpg
2641,image_07405_p0_b1_c8.jpg,image_07405_p0_b0_c0.jpg
2642,image_07417_p0_b0_c7.jpg,image_07417_p0_b1_c0.jpg
2643,image_07417_p0_b1_c0.jpg,image_07417_p0_b0_c7.jpg
2644,image_07424_p0_b0_c7.jpg,image_07424_p0_b2_c0.jpg
2645,image_07424_p0_b2_c0.jpg,image_07424_p0_b0_c7.jpg
2646,image_07429_p0_b0_c7.jpg,image_07429_p0_b1_c0.jpg
2647,image_07429_p0_b1_c0.jpg,image_07429_p0_b0_c7.jpg
2648,image_07433_p0_b0_c7.jpg,image_07433_p0_b2_c0.jpg
2649,image_07433_p0_b2_c0.jpg,image_07433_p0_b0_c7.jpg
2650,image_07435_p0_b0_c6.jpg,image_07435_p0_b2_c0.jpg
2651,image_07435_p0_b2_c0.jpg,image_07435_p0_b0_c6.jpg
2652,image_07437_p0_b0_c7.jpg,image_07437_p0_b1_c0.jpg
2653,image_07437_p0_b1_c0.jpg,image_07437_p0_b0_c7.jpg
2654,image_07440_p0_b0_c7.jpg,image_07440_p0_b1_c0.jpg
2655,image_07440_p0_b1_c0.jpg,image_07440_p0_b0_c7.jpg
2656,image_07441_p0_b0_c0.jpg,image_07441_p0_b1_c7.jpg
2657,image_07441_p0_b1_c7.jpg,image_07441_p0_b0_c0.jpg
2658,image_07443_p0_b0_c0.jpg,image_07443_p0_b1_c7.jpg
2659,image_07443_p0_b1_c7.jpg,image_07443_p0_b0_c0.jpg
2660,image_07444_p0_b0_c0.jpg,image_07444_p0_b1_c6.jpg
2661,image_07444_p0_b1_c6.jpg,image_07444_p0_b0_c0.jpg
2662,image_07448_p0_b0_c7.jpg,image_07448_p0_b2_c0.jpg
2663,image_07448_p0_b2_c0.jpg,image_07448_p0_b0_c7.jpg
2664,image_07451_p0_b0_c7.jpg,image_07451_p0_b2_c0.jpg
2665,image_07451_p0_b2_c0.jpg,image_07451_p0_b0_c7.jpg
2666,image_07452_p0_b0_c7.jpg,image_07452_p0_b1_c0.jpg
2667,image_07452_p0_b1_c0.jpg,image_07452_p0_b0_c7.jpg
2668,image_07459_p0_b0_c7.jpg,image_07459_p0_b2_c0.jpg
2669,image_07459_p0_b2_c0.jpg,image_07459_p0_b0_c7.jpg
2670,image_07469_p0_b0_c7.jpg,image_07469_p0_b1_c0.jpg
2671,image_07469_p0_b1_c0.jpg,image_07469_p0_b0_c7.jpg
2672,image_07470_p0_b0_c7.jpg,image_07470_p0_b1_c0.jpg
2673,image_07470_p0_b1_c0.jpg,image_07470_p0_b0_c7.jpg
2674,image_07476_p0_b0_c7.jpg,image_07476_p0_b1_c8.jpg
2675,image_07476_p0_b1_c8.jpg,image_07476_p0_b0_c7.jpg
2676,image_07494_p0_b0_c7.jpg,image_07494_p0_b1_c0.jpg
2677,image_07494_p0_b1_c0.jpg,image_07494_p0_b0_c7.jpg
2678,image_07495_p0_b0_c0.jpg,image_07495_p0_b1_c6.jpg
2679,image_07495_p0_b1_c6.jpg,image_07495_p0_b0_c0.jpg
2680,image_07501_p0_b0_c7.jpg,image_07501_p0_b1_c0.jpg
2681,image_07501_p0_b1_c0.jpg,image_07501_p0_b0_c7.jpg
2682,image_07524_p0_b0_c7.jpg,image_07524_p0_b1_c0.jpg
2683,image_07524_p0_b1_c0.jpg,image_07524_p0_b0_c7.jpg
2684,image_07527_p0_b0_c0.jpg,image_07527_p0_b1_c6.jpg
2685,image_07527_p0_b1_c6.jpg,image_07527_p0_b0_c0.jpg
2686,image_07529_p0_b0_c7.jpg,image_07529_p0_b1_c0.jpg
2687,image_07529_p0_b1_c0.jpg,image_07529_p0_b0_c7.jpg
2688,image_07530_p0_b0_c7.jpg,image_07530_p0_b2_c0.jpg
2689,image_07530_p0_b2_c0.jpg,image_07530_p0_b0_c7.jpg
2690,image_07532_p0_b0_c7.jpg,image_07532_p0_b1_c0.jpg
2691,image_07532_p0_b1_c0.jpg,image_07532_p0_b0_c7.jpg
2692,image_07534_p0_b0_c7.jpg,image_07534_p0_b1_c0.jpg
2693,image_07534_p0_b1_c0.jpg,image_07534_p0_b0_c7.jpg
2694,image_07539_p0_b0_c7.jpg,image_07539_p0_b1_c0.jpg
2695,image_07539_p0_b1_c0.jpg,image_07539_p0_b0_c7.jpg
2696,image_07541_p0_b0_c7.jpg,image_07541_p0_b1_c0.jpg
2697,image_07541_p0_b1_c0.jpg,image_07541_p0_b0_c7.jpg
2698,image_07543_p0_b0_c7.jpg,image_07543_p0_b2_c0.jpg
2699,image_07543_p0_b2_c0.jpg,image_07543_p0_b0_c7.jpg
2700,image_07545_p0_b0_c0.jpg,image_07545_p0_b1_c7.jpg
2701,image_07545_p0_b1_c7.jpg,image_07545_p0_b0_c0.jpg
2702,image_07550_p2_b0_c8.jpg,image_07550_p2_b1_c0.jpg
2703,image_07550_p2_b1_c0.jpg,image_07550_p2_b0_c8.jpg
2704,image_07555_p0_b0_c7.jpg,image_07555_p0_b1_c0.jpg
2705,image_07555_p0_b1_c0.jpg,image_07555_p0_b0_c7.jpg
2706,image_07556_p0_b0_c7.jpg,image_07556_p0_b1_c0.jpg
2707,image_07556_p0_b1_c0.jpg,image_07556_p0_b0_c7.jpg
2708,image_07557_p0_b0_c7.jpg,image_07557_p0_b1_c0.jpg
2709,image_07557_p0_b1_c0.jpg,image_07557_p0_b0_c7.jpg
2710,image_07565_p0_b0_c7.jpg,image_07565_p0_b2_c0.jpg
2711,image_07565_p0_b2_c0.jpg,image_07565_p0_b0_c7.jpg
2712,image_07568_p0_b0_c7.jpg,image_07568_p0_b1_c0.jpg
2713,image_07568_p0_b1_c0.jpg,image_07568_p0_b0_c7.jpg
2714,image_07570_p0_b0_c7.jpg,image_07570_p0_b1_c0.jpg
2715,image_07570_p0_b1_c0.jpg,image_07570_p0_b0_c7.jpg
2716,image_07571_p0_b0_c7.jpg,image_07571_p0_b1_c0.jpg
2717,image_07571_p0_b1_c0.jpg,image_07571_p0_b0_c7.jpg
2718,image_07578_p0_b0_c7.jpg,image_07578_p0_b1_c0.jpg
2719,image_07578_p0_b1_c0.jpg,image_07578_p0_b0_c7.jpg
2720,image_07579_p0_b0_c7.jpg,image_07579_p0_b1_c0.jpg
2721,image_07579_p0_b1_c0.jpg,image_07579_p0_b0_c7.jpg
2722,image_07581_p0_b0_c7.jpg,image_07581_p0_b1_c0.jpg
2723,image_07581_p0_b1_c0.jpg,image_07581_p0_b0_c7.jpg
2724,image_07583_p0_b0_c7.jpg,image_07583_p0_b1_c0.jpg
2725,image_07583_p0_b1_c0.jpg,image_07583_p0_b0_c7.jpg
2726,image_07586_p0_b1_c6.jpg,image_07586_p0_b2_c0.jpg
2727,image_07586_p0_b2_c0.jpg,image_07586_p0_b1_c6.jpg
2728,image_07588_p0_b0_c7.jpg,image_07588_p0_b2_c0.jpg
2729,image_07588_p0_b2_c0.jpg,image_07588_p0_b0_c7.jpg
2730,image_07609_p0_b0_c7.jpg,image_07609_p0_b1_c0.jpg
2731,image_07609_p0_b1_c0.jpg,image_07609_p0_b0_c7.jpg
2732,image_07612_p0_b0_c7.jpg,image_07612_p0_b1_c0.jpg
2733,image_07612_p0_b1_c0.jpg,image_07612_p0_b0_c7.jpg
2734,image_07613_p0_b0_c7.jpg,image_07613_p0_b2_c0.jpg
2735,image_07613_p0_b2_c0.jpg,image_07613_p0_b0_c7.jpg
2736,image_07619_p0_b0_c7.jpg,image_07619_p0_b1_c0.jpg
2737,image_07619_p0_b1_c0.jpg,image_07619_p0_b0_c7.jpg
2738,image_07620_p0_b0_c7.jpg,image_07620_p0_b1_c0.jpg
2739,image_07620_p0_b1_c0.jpg,image_07620_p0_b0_c7.jpg
2740,image_07622_p0_b0_c7.jpg,image_07622_p0_b1_c0.jpg
2741,image_07622_p0_b1_c0.jpg,image_07622_p0_b0_c7.jpg
2742,image_07624_p0_b0_c7.jpg,image_07624_p0_b1_c0.jpg
2743,image_07624_p0_b1_c0.jpg,image_07624_p0_b0_c7.jpg
2744,image_07625_p0_b0_c7.jpg,image_07625_p0_b2_c0.jpg
2745,image_07625_p0_b2_c0.jpg,image_07625_p0_b0_c7.jpg
2746,image_07626_p0_b0_c7.jpg,image_07626_p0_b1_c0.jpg
2747,image_07626_p0_b1_c0.jpg,image_07626_p0_b0_c7.jpg
2748,image_07628_p0_b1_c0.jpg,image_07628_p0_b2_c6.jpg
2749,image_07628_p0_b2_c6.jpg,image_07628_p0_b1_c0.jpg
2750,image_07629_p0_b0_c7.jpg,image_07629_p0_b1_c0.jpg
2751,image_07629_p0_b1_c0.jpg,image_07629_p0_b0_c7.jpg
2752,image_07634_p0_b1_c6.jpg,image_07634_p0_b2_c0.jpg
2753,image_07634_p0_b2_c0.jpg,image_07634_p0_b1_c6.jpg
2754,image_07643_p0_b0_c7.jpg,image_07643_p0_b1_c0.jpg
2755,image_07643_p0_b1_c0.jpg,image_07643_p0_b0_c7.jpg
2756,image_07645_p0_b0_c7.jpg,image_07645_p0_b1_c0.jpg
2757,image_07645_p0_b1_c0.jpg,image_07645_p0_b0_c7.jpg
2758,image_07651_p0_b1_c6.jpg,image_07651_p0_b2_c0.jpg
2759,image_07651_p0_b2_c0.jpg,image_07651_p0_b1_c6.jpg
2760,image_07652_p0_b0_c7.jpg,image_07652_p0_b1_c0.jpg
2761,image_07652_p0_b1_c0.jpg,image_07652_p0_b0_c7.jpg
2762,image_07657_p0_b0_c8.jpg,image_07657_p0_b1_c0.jpg
2763,image_07657_p0_b1_c0.jpg,image_07657_p0_b0_c8.jpg
2764,image_07661_p0_b0_c7.jpg,image_07661_p0_b1_c0.jpg
2765,image_07661_p0_b1_c0.jpg,image_07661_p0_b0_c7.jpg
2766,image_07672_p0_b0_c7.jpg,image_07672_p0_b1_c0.jpg
2767,image_07672_p0_b1_c0.jpg,image_07672_p0_b0_c7.jpg
2768,image_07678_p0_b0_c7.jpg,image_07678_p0_b1_c0.jpg
2769,image_07678_p0_b1_c0.jpg,image_07678_p0_b0_c7.jpg
2770,image_07680_p0_b0_c7.jpg,image_07680_p0_b1_c0.jpg
2771,image_07680_p0_b1_c0.jpg,image_07680_p0_b0_c7.jpg
2772,image_07681_p0_b0_c7.jpg,image_07681_p0_b1_c0.jpg
2773,image_07681_p0_b1_c0.jpg,image_07681_p0_b0_c7.jpg
2774,image_07682_p0_b1_c7.jpg,image_07682_p0_b2_c0.jpg
2775,image_07682_p0_b2_c0.jpg,image_07682_p0_b1_c7.jpg
2776,image_07684_p0_b0_c7.jpg,image_07684_p0_b1_c0.jpg
2777,image_07684_p0_b1_c0.jpg,image_07684_p0_b0_c7.jpg
2778,image_07691_p0_b0_c7.jpg,image_07691_p0_b1_c0.jpg
2779,image_07691_p0_b1_c0.jpg,image_07691_p0_b0_c7.jpg
2780,image_07692_p0_b0_c7.jpg,image_07692_p0_b1_c0.jpg
2781,image_07692_p0_b1_c0.jpg,image_07692_p0_b0_c7.jpg
2782,image_07693_p0_b0_c7.jpg,image_07693_p0_b1_c0.jpg
2783,image_07693_p0_b1_c0.jpg,image_07693_p0_b0_c7.jpg
2784,image_07697_p0_b0_c7.jpg,image_07697_p0_b1_c0.jpg
2785,image_07697_p0_b1_c0.jpg,image_07697_p0_b0_c7.jpg
2786,image_07698_p0_b1_c0.jpg,image_07698_p0_b2_c8.jpg
2787,image_07698_p0_b2_c8.jpg,image_07698_p0_b1_c0.jpg
2788,image_07703_p0_b0_c7.jpg,image_07703_p0_b1_c0.jpg
2789,image_07703_p0_b1_c0.jpg,image_07703_p0_b0_c7.jpg
2790,image_07704_p0_b0_c7.jpg,image_07704_p0_b1_c0.jpg
2791,image_07704_p0_b1_c0.jpg,image_07704_p0_b0_c7.jpg
2792,image_07705_p0_b0_c7.jpg,image_07705_p0_b1_c0.jpg
2793,image_07705_p0_b1_c0.jpg,image_07705_p0_b0_c7.jpg
2794,image_07708_p0_b0_c7.jpg,image_07708_p0_b1_c7.jpg
2795,image_07708_p0_b1_c7.jpg,image_07708_p0_b0_c7.jpg
2796,image_07715_p0_b0_c7.jpg,image_07715_p0_b1_c0.jpg
2797,image_07715_p0_b1_c0.jpg,image_07715_p0_b0_c7.jpg
2798,image_07718_p0_b0_c7.jpg,image_07718_p0_b1_c0.jpg
2799,image_07718_p0_b1_c0.jpg,image_07718_p0_b0_c7.jpg
2800,image_07721_p0_b0_c7.jpg,image_07721_p0_b1_c0.jpg
2801,image_07721_p0_b1_c0.jpg,image_07721_p0_b0_c7.jpg
2802,image_07738_p0_b0_c7.jpg,image_07738_p0_b1_c0.jpg
2803,image_07738_p0_b1_c0.jpg,image_07738_p0_b0_c7.jpg
2804,image_07740_p0_b0_c7.jpg,image_07740_p0_b1_c0.jpg
2805,image_07740_p0_b1_c0.jpg,image_07740_p0_b0_c7.jpg
2806,image_07743_p0_b0_c7.jpg,image_07743_p0_b1_c0.jpg
2807,image_07743_p0_b1_c0.jpg,image_07743_p0_b0_c7.jpg
2808,image_07754_p0_b0_c7.jpg,image_07754_p0_b1_c0.jpg
2809,image_07754_p0_b1_c0.jpg,image_07754_p0_b0_c7.jpg
2810,image_07756_p0_b0_c7.jpg,image_07756_p0_b1_c0.jpg
2811,image_07756_p0_b1_c0.jpg,image_07756_p0_b0_c7.jpg
2812,image_07766_p0_b0_c0.jpg,image_07766_p0_b1_c7.jpg
2813,image_07766_p0_b1_c7.jpg,image_07766_p0_b0_c0.jpg
2814,image_07767_p0_b0_c7.jpg,image_07767_p0_b1_c0.jpg
2815,image_07767_p0_b1_c0.jpg,image_07767_p0_b0_c7.jpg
2816,image_07770_p0_b0_c6.jpg,image_07770_p0_b1_c0.jpg
2817,image_07770_p0_b1_c0.jpg,image_07770_p0_b0_c6.jpg
2818,image_07774_p0_b0_c7.jpg,image_07774_p0_b1_c0.jpg
2819,image_07774_p0_b1_c0.jpg,image_07774_p0_b0_c7.jpg
2820,image_07777_p0_b0_c7.jpg,image_07777_p0_b1_c0.jpg
2821,image_07777_p0_b1_c0.jpg,image_07777_p0_b0_c7.jpg
2822,image_07780_p0_b0_c7.jpg,image_07780_p0_b1_c0.jpg
2823,image_07780_p0_b1_c0.jpg,image_07780_p0_b0_c7.jpg
2824,image_07786_p0_b0_c0.jpg,image_07786_p0_b1_c7.jpg
2825,image_07786_p0_b1_c7.jpg,image_07786_p0_b0_c0.jpg
2826,image_07791_p0_b0_c7.jpg,image_07791_p0_b1_c0.jpg
2827,image_07791_p0_b1_c0.jpg,image_07791_p0_b0_c7.jpg
2828,image_07792_p0_b0_c8.jpg,image_07792_p0_b1_c11.jpg
2829,image_07792_p0_b1_c11.jpg,image_07792_p0_b0_c8.jpg
2830,image_07794_p0_b0_c7.jpg,image_07794_p0_b1_c0.jpg
2831,image_07794_p0_b1_c0.jpg,image_07794_p0_b0_c7.jpg
2832,image_07795_p0_b0_c7.jpg,image_07795_p0_b1_c0.jpg
2833,image_07795_p0_b1_c0.jpg,image_07795_p0_b0_c7.jpg
2834,image_07801_p0_b0_c7.jpg,image_07801_p0_b1_c0.jpg
2835,image_07801_p0_b1_c0.jpg,image_07801_p0_b0_c7.jpg
2836,image_07805_p0_b0_c7.jpg,image_07805_p0_b1_c0.jpg
2837,image_07805_p0_b1_c0.jpg,image_07805_p0_b0_c7.jpg
2838,image_07810_p0_b0_c7.jpg,image_07810_p0_b1_c0.jpg
2839,image_07810_p0_b1_c0.jpg,image_07810_p0_b0_c7.jpg
2840,image_07811_p0_b0_c7.jpg,image_07811_p0_b2_c0.jpg
2841,image_07811_p0_b2_c0.jpg,image_07811_p0_b0_c7.jpg
2842,image_07813_p0_b1_c0.jpg,image_07813_p0_b2_c7.jpg
2843,image_07813_p0_b2_c7.jpg,image_07813_p0_b1_c0.jpg
2844,image_07833_p0_b0_c6.jpg,image_07833_p0_b1_c6.jpg
2845,image_07833_p0_b1_c6.jpg,image_07833_p0_b0_c6.jpg
2846,image_07834_p0_b0_c7.jpg,image_07834_p0_b2_c0.jpg
2847,image_07834_p0_b2_c0.jpg,image_07834_p0_b0_c7.jpg
2848,image_07836_p0_b0_c7.jpg,image_07836_p0_b1_c0.jpg
2849,image_07836_p0_b1_c0.jpg,image_07836_p0_b0_c7.jpg
2850,image_07843_p1_b0_c7.jpg,image_07843_p1_b1_c0.jpg
2851,image_07843_p1_b1_c0.jpg,image_07843_p1_b0_c7.jpg
2852,image_07847_p0_b0_c7.jpg,image_07847_p0_b1_c0.jpg
2853,image_07847_p0_b1_c0.jpg,image_07847_p0_b0_c7.jpg
2854,image_07854_p0_b0_c7.jpg,image_07854_p0_b1_c0.jpg
2855,image_07854_p0_b1_c0.jpg,image_07854_p0_b0_c7.jpg
2856,image_07856_p0_b0_c0.jpg,image_07856_p0_b1_c8.jpg
2857,image_07856_p0_b1_c8.jpg,image_07856_p0_b0_c0.jpg
2858,image_07858_p0_b0_c7.jpg,image_07858_p0_b1_c0.jpg
2859,image_07858_p0_b1_c0.jpg,image_07858_p0_b0_c7.jpg
2860,image_07860_p0_b0_c7.jpg,image_07860_p0_b1_c0.jpg
2861,image_07860_p0_b1_c0.jpg,image_07860_p0_b0_c7.jpg
2862,image_07872_p0_b0_c7.jpg,image_07872_p0_b2_c0.jpg
2863,image_07872_p0_b2_c0.jpg,image_07872_p0_b0_c7.jpg
2864,image_07873_p0_b0_c7.jpg,image_07873_p0_b3_c0.jpg
2865,image_07873_p0_b3_c0.jpg,image_07873_p0_b0_c7.jpg
2866,image_07874_p0_b0_c7.jpg,image_07874_p0_b1_c0.jpg
2867,image_07874_p0_b1_c0.jpg,image_07874_p0_b0_c7.jpg
2868,image_07877_p0_b0_c7.jpg,image_07877_p0_b1_c7.jpg
2869,image_07877_p0_b1_c7.jpg,image_07877_p0_b0_c7.jpg
2870,image_07878_p0_b0_c7.jpg,image_07878_p0_b1_c0.jpg
2871,image_07878_p0_b1_c0.jpg,image_07878_p0_b0_c7.jpg
2872,image_07882_p0_b0_c7.jpg,image_07882_p0_b1_c0.jpg
2873,image_07882_p0_b1_c0.jpg,image_07882_p0_b0_c7.jpg
2874,image_07886_p0_b0_c7.jpg,image_07886_p0_b1_c0.jpg
2875,image_07886_p0_b1_c0.jpg,image_07886_p0_b0_c7.jpg
2876,image_07887_p0_b1_c0.jpg,image_07887_p1_b0_c7.jpg
2877,image_07887_p1_b0_c7.jpg,image_07887_p0_b1_c0.jpg
2878,image_07887_p2_b0_c7.jpg,image_07887_p2_b1_c0.jpg
2879,image_07887_p2_b1_c0.jpg,image_07887_p2_b0_c7.jpg
2880,image_07890_p0_b0_c7.jpg,image_07890_p0_b1_c0.jpg
2881,image_07890_p0_b1_c0.jpg,image_07890_p0_b0_c7.jpg
2882,image_07891_p0_b0_c0.jpg,image_07891_p0_b1_c6.jpg
2883,image_07891_p0_b1_c6.jpg,image_07891_p0_b0_c0.jpg
2884,image_07899_p0_b0_c7.jpg,image_07899_p0_b1_c0.jpg
2885,image_07899_p0_b1_c0.jpg,image_07899_p0_b0_c7.jpg
2886,image_07906_p3_b0_c7.jpg,image_07906_p3_b1_c0.jpg
2887,image_07906_p3_b1_c0.jpg,image_07906_p3_b0_c7.jpg
2888,image_07910_p0_b0_c7.jpg,image_07910_p0_b1_c0.jpg
2889,image_07910_p0_b1_c0.jpg,image_07910_p0_b0_c7.jpg
2890,image_07911_p0_b0_c7.jpg,image_07911_p0_b1_c0.jpg
2891,image_07911_p0_b1_c0.jpg,image_07911_p0_b0_c7.jpg
2892,image_07918_p0_b0_c7.jpg,image_07918_p0_b1_c0.jpg
2893,image_07918_p0_b1_c0.jpg,image_07918_p0_b0_c7.jpg
2894,image_07922_p0_b0_c7.jpg,image_07922_p0_b1_c0.jpg
2895,image_07922_p0_b1_c0.jpg,image_07922_p0_b0_c7.jpg
2896,image_07923_p0_b0_c7.jpg,image_07923_p0_b1_c0.jpg
2897,image_07923_p0_b1_c0.jpg,image_07923_p0_b0_c7.jpg
2898,image_07932_p0_b0_c7.jpg,image_07932_p0_b2_c0.jpg
2899,image_07932_p0_b2_c0.jpg,image_07932_p0_b0_c7.jpg
2900,image_07934_p0_b0_c7.jpg,image_07934_p0_b2_c0.jpg
2901,image_07934_p0_b2_c0.jpg,image_07934_p0_b0_c7.jpg
2902,image_07936_p0_b1_c7.jpg,image_07936_p0_b2_c0.jpg
2903,image_07936_p0_b2_c0.jpg,image_07936_p0_b1_c7.jpg
2904,image_07943_p0_b0_c7.jpg,image_07943_p0_b1_c0.jpg
2905,image_07943_p0_b1_c0.jpg,image_07943_p0_b0_c7.jpg
2906,image_07944_p0_b0_c7.jpg,image_07944_p0_b1_c7.jpg
2907,image_07944_p0_b1_c7.jpg,image_07944_p0_b0_c7.jpg
2908,image_07947_p0_b0_c7.jpg,image_07947_p0_b1_c0.jpg
2909,image_07947_p0_b1_c0.jpg,image_07947_p0_b0_c7.jpg
2910,image_07949_p0_b1_c7.jpg,image_07949_p0_b2_c0.jpg
2911,image_07949_p0_b2_c0.jpg,image_07949_p0_b1_c7.jpg
2912,image_07951_p0_b0_c7.jpg,image_07951_p0_b1_c0.jpg
2913,image_07951_p0_b1_c0.jpg,image_07951_p0_b0_c7.jpg
2914,image_07955_p0_b0_c7.jpg,image_07955_p0_b1_c0.jpg
2915,image_07955_p0_b1_c0.jpg,image_07955_p0_b0_c7.jpg
2916,image_07964_p0_b0_c7.jpg,image_07964_p0_b1_c0.jpg
2917,image_07964_p0_b1_c0.jpg,image_07964_p0_b0_c7.jpg
2918,image_07967_p0_b0_c7.jpg,image_07967_p0_b1_c0.jpg
2919,image_07967_p0_b1_c0.jpg,image_07967_p0_b0_c7.jpg
2920,image_07969_p0_b0_c7.jpg,image_07969_p0_b1_c0.jpg
2921,image_07969_p0_b1_c0.jpg,image_07969_p0_b0_c7.jpg
2922,image_07981_p0_b1_c7.jpg,image_07981_p0_b2_c0.jpg
2923,image_07981_p0_b2_c0.jpg,image_07981_p0_b1_c7.jpg
2924,image_07989_p0_b0_c7.jpg,image_07989_p0_b1_c0.jpg
2925,image_07989_p0_b1_c0.jpg,image_07989_p0_b0_c7.jpg
2926,image_07993_p0_b0_c7.jpg,image_07993_p0_b1_c0.jpg
2927,image_07993_p0_b1_c0.jpg,image_07993_p0_b0_c7.jpg
2928,image_07997_p0_b0_c7.jpg,image_07997_p0_b1_c0.jpg
2929,image_07997_p0_b1_c0.jpg,image_07997_p0_b0_c7.jpg
2930,image_08002_p0_b0_c7.jpg,image_08002_p0_b1_c0.jpg
2931,image_08002_p0_b1_c0.jpg,image_08002_p0_b0_c7.jpg
2932,image_08011_p0_b0_c7.jpg,image_08011_p0_b1_c0.jpg
2933,image_08011_p0_b1_c0.jpg,image_08011_p0_b0_c7.jpg
2934,image_08013_p0_b0_c7.jpg,image_08013_p0_b1_c0.jpg
2935,image_08013_p0_b1_c0.jpg,image_08013_p0_b0_c7.jpg
2936,image_08023_p0_b0_c7.jpg,image_08023_p0_b2_c0.jpg
2937,image_08023_p0_b2_c0.jpg,image_08023_p0_b0_c7.jpg
2938,image_08029_p0_b0_c7.jpg,image_08029_p0_b1_c0.jpg
2939,image_08029_p0_b1_c0.jpg,image_08029_p0_b0_c7.jpg
2940,image_08039_p0_b0_c7.jpg,image_08039_p0_b1_c0.jpg
2941,image_08039_p0_b1_c0.jpg,image_08039_p0_b0_c7.jpg
2942,image_08040_p0_b0_c7.jpg,image_08040_p0_b1_c0.jpg
2943,image_08040_p0_b1_c0.jpg,image_08040_p0_b0_c7.jpg
2944,image_08048_p0_b0_c7.jpg,image_08048_p0_b1_c0.jpg
2945,image_08048_p0_b1_c0.jpg,image_08048_p0_b0_c7.jpg
2946,image_08050_p0_b0_c7.jpg,image_08050_p0_b1_c0.jpg
2947,image_08050_p0_b1_c0.jpg,image_08050_p0_b0_c7.jpg
2948,image_08056_p0_b0_c7.jpg,image_08056_p0_b1_c0.jpg
2949,image_08056_p0_b1_c0.jpg,image_08056_p0_b0_c7.jpg
2950,image_08062_p0_b0_c7.jpg,image_08062_p0_b1_c0.jpg
2951,image_08062_p0_b1_c0.jpg,image_08062_p0_b0_c7.jpg
2952,image_08063_p0_b0_c0.jpg,image_08063_p0_b1_c7.jpg
2953,image_08063_p0_b1_c7.jpg,image_08063_p0_b0_c0.jpg
2954,image_08065_p0_b0_c7.jpg,image_08065_p0_b1_c0.jpg
2955,image_08065_p0_b1_c0.jpg,image_08065_p0_b0_c7.jpg
2956,image_08070_p0_b0_c0.jpg,image_08070_p0_b1_c7.jpg
2957,image_08070_p0_b1_c7.jpg,image_08070_p0_b0_c0.jpg
2958,image_08073_p0_b0_c7.jpg,image_08073_p0_b2_c0.jpg
2959,image_08073_p0_b2_c0.jpg,image_08073_p0_b0_c7.jpg
2960,image_08077_p0_b0_c0.jpg,image_08077_p0_b1_c7.jpg
2961,image_08077_p0_b1_c7.jpg,image_08077_p0_b0_c0.jpg
2962,image_08078_p0_b0_c7.jpg,image_08078_p0_b1_c0.jpg
2963,image_08078_p0_b1_c0.jpg,image_08078_p0_b0_c7.jpg
2964,image_08081_p0_b0_c7.jpg,image_08081_p0_b1_c0.jpg
2965,image_08081_p0_b1_c0.jpg,image_08081_p0_b0_c7.jpg
2966,image_08082_p0_b0_c7.jpg,image_08082_p0_b1_c0.jpg
2967,image_08082_p0_b1_c0.jpg,image_08082_p0_b0_c7.jpg
2968,image_08083_p0_b0_c7.jpg,image_08083_p0_b1_c0.jpg
2969,image_08083_p0_b1_c0.jpg,image_08083_p0_b0_c7.jpg
2970,image_08085_p0_b0_c7.jpg,image_08085_p0_b1_c0.jpg
2971,image_08085_p0_b1_c0.jpg,image_08085_p0_b0_c7.jpg
2972,image_08089_p0_b0_c7.jpg,image_08089_p0_b1_c0.jpg
2973,image_08089_p0_b1_c0.jpg,image_08089_p0_b0_c7.jpg
2974,image_08097_p0_b0_c7.jpg,image_08097_p0_b1_c0.jpg
2975,image_08097_p0_b1_c0.jpg,image_08097_p0_b0_c7.jpg
2976,image_08108_p0_b0_c7.jpg,image_08108_p0_b1_c0.jpg
2977,image_08108_p0_b1_c0.jpg,image_08108_p0_b0_c7.jpg
2978,image_08109_p0_b0_c8.jpg,image_08109_p0_b1_c0.jpg
2979,image_08109_p0_b1_c0.jpg,image_08109_p0_b0_c8.jpg
2980,image_08112_p0_b0_c7.jpg,image_08112_p0_b1_c0.jpg
2981,image_08112_p0_b1_c0.jpg,image_08112_p0_b0_c7.jpg
2982,image_08117_p0_b0_c7.jpg,image_08117_p0_b1_c0.jpg
2983,image_08117_p0_b1_c0.jpg,image_08117_p0_b0_c7.jpg
2984,image_08124_p0_b0_c7.jpg,image_08124_p0_b1_c0.jpg
2985,image_08124_p0_b1_c0.jpg,image_08124_p0_b0_c7.jpg
2986,image_08128_p0_b0_c7.jpg,image_08128_p0_b1_c0.jpg
2987,image_08128_p0_b1_c0.jpg,image_08128_p0_b0_c7.jpg
2988,image_08133_p0_b0_c7.jpg,image_08133_p0_b1_c0.jpg
2989,image_08133_p0_b1_c0.jpg,image_08133_p0_b0_c7.jpg
2990,image_08137_p0_b0_c7.jpg,image_08137_p0_b1_c0.jpg
2991,image_08137_p0_b1_c0.jpg,image_08137_p0_b0_c7.jpg
2992,image_08139_p0_b0_c8.jpg,image_08139_p0_b1_c11.jpg
2993,image_08139_p0_b1_c11.jpg,image_08139_p0_b0_c8.jpg
2994,image_08140_p0_b0_c7.jpg,image_08140_p0_b1_c0.jpg
2995,image_08140_p0_b1_c0.jpg,image_08140_p0_b0_c7.jpg
2996,image_08146_p0_b0_c7.jpg,image_08146_p0_b1_c0.jpg
2997,image_08146_p0_b1_c0.jpg,image_08146_p0_b0_c7.jpg
2998,image_08151_p0_b0_c7.jpg,image_08151_p0_b1_c0.jpg
2999,image_08151_p0_b1_c0.jpg,image_08151_p0_b0_c7.jpg
3000,image_08153_p0_b0_c7.jpg,image_08153_p0_b2_c0.jpg
3001,image_08153_p0_b2_c0.jpg,image_08153_p0_b0_c7.jpg
3002,image_08154_p0_b0_c7.jpg,image_08154_p0_b1_c0.jpg
3003,image_08154_p0_b1_c0.jpg,image_08154_p0_b0_c7.jpg
3004,image_08155_p0_b0_c7.jpg,image_08155_p0_b2_c0.jpg
3005,image_08155_p0_b2_c0.jpg,image_08155_p0_b0_c7.jpg
3006,image_08156_p0_b0_c7.jpg,image_08156_p0_b1_c0.jpg
3007,image_08156_p0_b1_c0.jpg,image_08156_p0_b0_c7.jpg
3008,image_08158_p0_b0_c0.jpg,image_08158_p0_b1_c7.jpg
3009,image_08158_p0_b1_c7.jpg,image_08158_p0_b0_c0.jpg
3010,image_08164_p0_b0_c7.jpg,image_08164_p0_b1_c0.jpg
3011,image_08164_p0_b1_c0.jpg,image_08164_p0_b0_c7.jpg
3012,image_08168_p0_b0_c7.jpg,image_08168_p0_b1_c0.jpg
3013,image_08168_p0_b1_c0.jpg,image_08168_p0_b0_c7.jpg
3014,image_08172_p0_b0_c7.jpg,image_08172_p0_b1_c0.jpg
3015,image_08172_p0_b1_c0.jpg,image_08172_p0_b0_c7.jpg
3016,image_08173_p0_b0_c8.jpg,image_08173_p0_b2_c0.jpg
3017,image_08173_p0_b2_c0.jpg,image_08173_p0_b0_c8.jpg
3018,image_08177_p0_b0_c7.jpg,image_08177_p0_b1_c0.jpg
3019,image_08177_p0_b1_c0.jpg,image_08177_p0_b0_c7.jpg
3020,image_08178_p0_b0_c7.jpg,image_08178_p0_b1_c0.jpg
3021,image_08178_p0_b1_c0.jpg,image_08178_p0_b0_c7.jpg
3022,image_08191_p0_b0_c7.jpg,image_08191_p0_b1_c0.jpg
3023,image_08191_p0_b1_c0.jpg,image_08191_p0_b0_c7.jpg
3024,image_08192_p0_b0_c7.jpg,image_08192_p0_b1_c0.jpg
3025,image_08192_p0_b1_c0.jpg,image_08192_p0_b0_c7.jpg
3026,image_08197_p0_b0_c6.jpg,image_08197_p0_b1_c0.jpg
3027,image_08197_p0_b1_c0.jpg,image_08197_p0_b0_c6.jpg
3028,image_08200_p0_b0_c7.jpg,image_08200_p0_b1_c0.jpg
3029,image_08200_p0_b1_c0.jpg,image_08200_p0_b0_c7.jpg
3030,image_08215_p0_b0_c0.jpg,image_08215_p0_b1_c7.jpg
3031,image_08215_p0_b1_c7.jpg,image_08215_p0_b0_c0.jpg
3032,image_08220_p0_b0_c7.jpg,image_08220_p0_b1_c0.jpg
3033,image_08220_p0_b1_c0.jpg,image_08220_p0_b0_c7.jpg
3034,image_08224_p0_b0_c0.jpg,image_08224_p0_b1_c7.jpg
3035,image_08224_p0_b1_c7.jpg,image_08224_p0_b0_c0.jpg
3036,image_08229_p0_b0_c7.jpg,image_08229_p0_b1_c0.jpg
3037,image_08229_p0_b1_c0.jpg,image_08229_p0_b0_c7.jpg
3038,image_08245_p0_b0_c7.jpg,image_08245_p0_b2_c0.jpg
3039,image_08245_p0_b2_c0.jpg,image_08245_p0_b0_c7.jpg
3040,image_08246_p0_b0_c7.jpg,image_08246_p0_b2_c0.jpg
3041,image_08246_p0_b2_c0.jpg,image_08246_p0_b0_c7.jpg
3042,image_08248_p0_b0_c7.jpg,image_08248_p0_b1_c0.jpg
3043,image_08248_p0_b1_c0.jpg,image_08248_p0_b0_c7.jpg
3044,image_08251_p0_b0_c0.jpg,image_08251_p0_b2_c7.jpg
3045,image_08251_p0_b2_c7.jpg,image_08251_p0_b0_c0.jpg
3046,image_08256_p0_b0_c7.jpg,image_08256_p0_b1_c0.jpg
3047,image_08256_p0_b1_c0.jpg,image_08256_p0_b0_c7.jpg
3048,image_08264_p0_b0_c7.jpg,image_08264_p0_b1_c0.jpg
3049,image_08264_p0_b1_c0.jpg,image_08264_p0_b0_c7.jpg
3050,image_08266_p0_b0_c7.jpg,image_08266_p0_b1_c0.jpg
3051,image_08266_p0_b1_c0.jpg,image_08266_p0_b0_c7.jpg
3052,image_08268_p0_b0_c7.jpg,image_08268_p0_b1_c0.jpg
3053,image_08268_p0_b1_c0.jpg,image_08268_p0_b0_c7.jpg
3054,image_08269_p0_b0_c7.jpg,image_08269_p0_b1_c0.jpg
3055,image_08269_p0_b1_c0.jpg,image_08269_p0_b0_c7.jpg
3056,image_08270_p0_b0_c7.jpg,image_08270_p0_b1_c0.jpg
3057,image_08270_p0_b1_c0.jpg,image_08270_p0_b0_c7.jpg
3058,image_08275_p0_b0_c7.jpg,image_08275_p0_b1_c0.jpg
3059,image_08275_p0_b1_c0.jpg,image_08275_p0_b0_c7.jpg
3060,image_08284_p0_b0_c7.jpg,image_08284_p0_b1_c0.jpg
3061,image_08284_p0_b1_c0.jpg,image_08284_p0_b0_c7.jpg
3062,image_08287_p0_b0_c7.jpg,image_08287_p0_b2_c0.jpg
3063,image_08287_p0_b2_c0.jpg,image_08287_p0_b0_c7.jpg
3064,image_08295_p0_b0_c7.jpg,image_08295_p0_b1_c0.jpg
3065,image_08295_p0_b1_c0.jpg,image_08295_p0_b0_c7.jpg
3066,image_08296_p0_b0_c7.jpg,image_08296_p0_b1_c0.jpg
3067,image_08296_p0_b1_c0.jpg,image_08296_p0_b0_c7.jpg
3068,image_08300_p0_b0_c7.jpg,image_08300_p0_b1_c0.jpg
3069,image_08300_p0_b1_c0.jpg,image_08300_p0_b0_c7.jpg
3070,image_08305_p0_b0_c0.jpg,image_08305_p0_b1_c7.jpg
3071,image_08305_p0_b1_c7.jpg,image_08305_p0_b0_c0.jpg
3072,image_08309_p0_b0_c7.jpg,image_08309_p0_b1_c0.jpg
3073,image_08309_p0_b1_c0.jpg,image_08309_p0_b0_c7.jpg
3074,image_08321_p0_b0_c7.jpg,image_08321_p0_b1_c0.jpg
3075,image_08321_p0_b1_c0.jpg,image_08321_p0_b0_c7.jpg
3076,image_08322_p0_b0_c7.jpg,image_08322_p0_b1_c0.jpg
3077,image_08322_p0_b1_c0.jpg,image_08322_p0_b0_c7.jpg
3078,image_08324_p0_b0_c0.jpg,image_08324_p0_b1_c7.jpg
3079,image_08324_p0_b1_c7.jpg,image_08324_p0_b0_c0.jpg
3080,image_08326_p0_b0_c7.jpg,image_08326_p0_b1_c0.jpg
3081,image_08326_p0_b1_c0.jpg,image_08326_p0_b0_c7.jpg
3082,image_08328_p0_b0_c0.jpg,image_08328_p0_b1_c7.jpg
3083,image_08328_p0_b1_c7.jpg,image_08328_p0_b0_c0.jpg
3084,image_08330_p0_b0_c7.jpg,image_08330_p0_b1_c0.jpg
3085,image_08330_p0_b1_c0.jpg,image_08330_p0_b0_c7.jpg
3086,image_08331_p0_b0_c7.jpg,image_08331_p0_b1_c0.jpg
3087,image_08331_p0_b1_c0.jpg,image_08331_p0_b0_c7.jpg
3088,image_08332_p0_b0_c7.jpg,image_08332_p0_b1_c11.jpg
3089,image_08332_p0_b1_c11.jpg,image_08332_p0_b0_c7.jpg
3090,image_08335_p0_b0_c7.jpg,image_08335_p0_b1_c0.jpg
3091,image_08335_p0_b1_c0.jpg,image_08335_p0_b0_c7.jpg
3092,image_08350_p0_b0_c0.jpg,image_08350_p0_b1_c7.jpg
3093,image_08350_p0_b1_c7.jpg,image_08350_p0_b0_c0.jpg
3094,image_08353_p0_b0_c7.jpg,image_08353_p0_b1_c0.jpg
3095,image_08353_p0_b1_c0.jpg,image_08353_p0_b0_c7.jpg
3096,image_08356_p0_b0_c7.jpg,image_08356_p0_b1_c0.jpg
3097,image_08356_p0_b1_c0.jpg,image_08356_p0_b0_c7.jpg
3098,image_08357_p0_b0_c7.jpg,image_08357_p0_b1_c0.jpg
3099,image_08357_p0_b1_c0.jpg,image_08357_p0_b0_c7.jpg
3100,image_08376_p0_b0_c7.jpg,image_08376_p0_b1_c0.jpg
3101,image_08376_p0_b1_c0.jpg,image_08376_p0_b0_c7.jpg
3102,image_08379_p0_b0_c7.jpg,image_08379_p0_b1_c0.jpg
3103,image_08379_p0_b1_c0.jpg,image_08379_p0_b0_c7.jpg
3104,image_08386_p0_b0_c7.jpg,image_08386_p0_b1_c0.jpg
3105,image_08386_p0_b1_c0.jpg,image_08386_p0_b0_c7.jpg
3106,image_08389_p0_b0_c7.jpg,image_08389_p0_b1_c0.jpg
3107,image_08389_p0_b1_c0.jpg,image_08389_p0_b0_c7.jpg
3108,image_08395_p0_b0_c6.jpg,image_08395_p0_b1_c0.jpg
3109,image_08395_p0_b1_c0.jpg,image_08395_p0_b0_c6.jpg
3110,image_08401_p0_b0_c7.jpg,image_08401_p0_b1_c0.jpg
3111,image_08401_p0_b1_c0.jpg,image_08401_p0_b0_c7.jpg
3112,image_08404_p0_b0_c7.jpg,image_08404_p0_b1_c0.jpg
3113,image_08404_p0_b1_c0.jpg,image_08404_p0_b0_c7.jpg
3114,image_08405_p0_b0_c7.jpg,image_08405_p0_b1_c0.jpg
3115,image_08405_p0_b1_c0.jpg,image_08405_p0_b0_c7.jpg
3116,image_08411_p0_b0_c7.jpg,image_08411_p0_b2_c7.jpg
3117,image_08411_p0_b2_c7.jpg,image_08411_p0_b0_c7.jpg
3118,image_08431_p0_b0_c7.jpg,image_08431_p0_b1_c0.jpg
3119,image_08431_p0_b1_c0.jpg,image_08431_p0_b0_c7.jpg
3120,image_08440_p0_b0_c7.jpg,image_08440_p0_b1_c0.jpg
3121,image_08440_p0_b1_c0.jpg,image_08440_p0_b0_c7.jpg
3122,image_08449_p0_b0_c7.jpg,image_08449_p0_b1_c0.jpg
3123,image_08449_p0_b1_c0.jpg,image_08449_p0_b0_c7.jpg
3124,image_08457_p0_b0_c7.jpg,image_08457_p0_b1_c0.jpg
3125,image_08457_p0_b1_c0.jpg,image_08457_p0_b0_c7.jpg
3126,image_08463_p0_b0_c7.jpg,image_08463_p0_b1_c0.jpg
3127,image_08463_p0_b1_c0.jpg,image_08463_p0_b0_c7.jpg
3128,image_08467_p0_b0_c7.jpg,image_08467_p0_b1_c0.jpg
3129,image_08467_p0_b1_c0.jpg,image_08467_p0_b0_c7.jpg
3130,image_08468_p0_b0_c7.jpg,image_08468_p0_b1_c0.jpg
3131,image_08468_p0_b1_c0.jpg,image_08468_p0_b0_c7.jpg
3132,image_08471_p0_b0_c7.jpg,image_08471_p0_b1_c0.jpg
3133,image_08471_p0_b1_c0.jpg,image_08471_p0_b0_c7.jpg
3134,image_08473_p0_b0_c7.jpg,image_08473_p0_b1_c0.jpg
3135,image_08473_p0_b1_c0.jpg,image_08473_p0_b0_c7.jpg
3136,image_08476_p0_b0_c7.jpg,image_08476_p0_b1_c0.jpg
3137,image_08476_p0_b1_c0.jpg,image_08476_p0_b0_c7.jpg
3138,image_08483_p0_b0_c7.jpg,image_08483_p0_b1_c0.jpg
3139,image_08483_p0_b1_c0.jpg,image_08483_p0_b0_c7.jpg
3140,image_08485_p0_b0_c0.jpg,image_08485_p0_b1_c7.jpg
3141,image_08485_p0_b1_c7.jpg,image_08485_p0_b0_c0.jpg
3142,image_08486_p0_b0_c7.jpg,image_08486_p0_b1_c0.jpg
3143,image_08486_p0_b1_c0.jpg,image_08486_p0_b0_c7.jpg
3144,image_08487_p0_b0_c7.jpg,image_08487_p0_b1_c0.jpg
3145,image_08487_p0_b1_c0.jpg,image_08487_p0_b0_c7.jpg
3146,image_08491_p0_b0_c7.jpg,image_08491_p0_b1_c0.jpg
3147,image_08491_p0_b1_c0.jpg,image_08491_p0_b0_c7.jpg
3148,image_08492_p0_b0_c7.jpg,image_08492_p0_b1_c0.jpg
3149,image_08492_p0_b1_c0.jpg,image_08492_p0_b0_c7.jpg
3150,image_08500_p0_b0_c7.jpg,image_08500_p0_b1_c0.jpg
3151,image_08500_p0_b1_c0.jpg,image_08500_p0_b0_c7.jpg
3152,image_08501_p0_b0_c7.jpg,image_08501_p0_b1_c0.jpg
3153,image_08501_p0_b1_c0.jpg,image_08501_p0_b0_c7.jpg
3154,image_08502_p0_b0_c7.jpg,image_08502_p0_b1_c0.jpg
3155,image_08502_p0_b1_c0.jpg,image_08502_p0_b0_c7.jpg
3156,image_08503_p0_b0_c7.jpg,image_08503_p0_b1_c0.jpg
3157,image_08503_p0_b1_c0.jpg,image_08503_p0_b0_c7.jpg
3158,image_08506_p0_b0_c7.jpg,image_08506_p0_b1_c0.jpg
3159,image_08506_p0_b1_c0.jpg,image_08506_p0_b0_c7.jpg
3160,image_08507_p0_b1_c0.jpg,image_08507_p0_b2_c7.jpg
3161,image_08507_p0_b2_c7.jpg,image_08507_p0_b1_c0.jpg
3162,image_08512_p0_b0_c7.jpg,image_08512_p0_b1_c0.jpg
3163,image_08512_p0_b1_c0.jpg,image_08512_p0_b0_c7.jpg
3164,image_08515_p0_b0_c7.jpg,image_08515_p0_b1_c0.jpg
3165,image_08515_p0_b1_c0.jpg,image_08515_p0_b0_c7.jpg
3166,image_08520_p0_b0_c0.jpg,image_08520_p0_b1_c7.jpg
3167,image_08520_p0_b1_c7.jpg,image_08520_p0_b0_c0.jpg
3168,image_08523_p0_b0_c7.jpg,image_08523_p0_b1_c0.jpg
3169,image_08523_p0_b1_c0.jpg,image_08523_p0_b0_c7.jpg
3170,image_08532_p0_b0_c7.jpg,image_08532_p0_b1_c0.jpg
3171,image_08532_p0_b1_c0.jpg,image_08532_p0_b0_c7.jpg
3172,image_08533_p0_b0_c7.jpg,image_08533_p0_b1_c0.jpg
3173,image_08533_p0_b1_c0.jpg,image_08533_p0_b0_c7.jpg
3174,image_08540_p0_b0_c7.jpg,image_08540_p0_b1_c0.jpg
3175,image_08540_p0_b1_c0.jpg,image_08540_p0_b0_c7.jpg
3176,image_08542_p0_b0_c7.jpg,image_08542_p0_b1_c0.jpg
3177,image_08542_p0_b1_c0.jpg,image_08542_p0_b0_c7.jpg
3178,image_08554_p0_b0_c7.jpg,image_08554_p0_b1_c0.jpg
3179,image_08554_p0_b1_c0.jpg,image_08554_p0_b0_c7.jpg
3180,image_08555_p0_b0_c7.jpg,image_08555_p0_b1_c0.jpg
3181,image_08555_p0_b1_c0.jpg,image_08555_p0_b0_c7.jpg
3182,image_08561_p0_b0_c0.jpg,image_08561_p0_b1_c7.jpg
3183,image_08561_p0_b1_c7.jpg,image_08561_p0_b0_c0.jpg
3184,image_08563_p0_b0_c7.jpg,image_08563_p0_b1_c1.jpg
3185,image_08563_p0_b1_c1.jpg,image_08563_p0_b0_c7.jpg
3186,image_08565_p0_b0_c7.jpg,image_08565_p0_b1_c0.jpg
3187,image_08565_p0_b1_c0.jpg,image_08565_p0_b0_c7.jpg
3188,image_08567_p0_b0_c0.jpg,image_08567_p1_b0_c6.jpg
3189,image_08567_p1_b0_c6.jpg,image_08567_p0_b0_c0.jpg
3190,image_08570_p0_b0_c7.jpg,image_08570_p0_b1_c0.jpg
3191,image_08570_p0_b1_c0.jpg,image_08570_p0_b0_c7.jpg
3192,image_08571_p0_b0_c7.jpg,image_08571_p0_b1_c11.jpg
3193,image_08571_p0_b1_c11.jpg,image_08571_p0_b0_c7.jpg
3194,image_08575_p0_b0_c7.jpg,image_08575_p0_b1_c0.jpg
3195,image_08575_p0_b1_c0.jpg,image_08575_p0_b0_c7.jpg
3196,image_08579_p0_b0_c0.jpg,image_08579_p0_b1_c8.jpg
3197,image_08579_p0_b1_c8.jpg,image_08579_p0_b0_c0.jpg
3198,image_08581_p0_b0_c0.jpg,image_08581_p0_b1_c7.jpg
3199,image_08581_p0_b1_c7.jpg,image_08581_p0_b0_c0.jpg
3200,image_08583_p0_b0_c7.jpg,image_08583_p0_b1_c0.jpg
3201,image_08583_p0_b1_c0.jpg,image_08583_p0_b0_c7.jpg
3202,image_08586_p0_b0_c7.jpg,image_08586_p0_b1_c0.jpg
3203,image_08586_p0_b1_c0.jpg,image_08586_p0_b0_c7.jpg
3204,image_08593_p0_b0_c7.jpg,image_08593_p0_b1_c0.jpg
3205,image_08593_p0_b1_c0.jpg,image_08593_p0_b0_c7.jpg
3206,image_08597_p0_b0_c7.jpg,image_08597_p0_b1_c0.jpg
3207,image_08597_p0_b1_c0.jpg,image_08597_p0_b0_c7.jpg
3208,image_08602_p0_b0_c7.jpg,image_08602_p0_b1_c0.jpg
3209,image_08602_p0_b1_c0.jpg,image_08602_p0_b0_c7.jpg
3210,image_08603_p0_b0_c7.jpg,image_08603_p0_b1_c0.jpg
3211,image_08603_p0_b1_c0.jpg,image_08603_p0_b0_c7.jpg
3212,image_08604_p0_b0_c7.jpg,image_08604_p0_b1_c0.jpg
3213,image_08604_p0_b1_c0.jpg,image_08604_p0_b0_c7.jpg
3214,image_08605_p0_b0_c7.jpg,image_08605_p0_b1_c0.jpg
3215,image_08605_p0_b1_c0.jpg,image_08605_p0_b0_c7.jpg
3216,image_08607_p0_b0_c7.jpg,image_08607_p0_b1_c7.jpg
3217,image_08607_p0_b1_c7.jpg,image_08607_p0_b0_c7.jpg
3218,image_08608_p0_b0_c7.jpg,image_08608_p0_b1_c0.jpg
3219,image_08608_p0_b1_c0.jpg,image_08608_p0_b0_c7.jpg
3220,image_08613_p0_b0_c6.jpg,image_08613_p0_b1_c0.jpg
3221,image_08613_p0_b1_c0.jpg,image_08613_p0_b0_c6.jpg
3222,image_08614_p0_b0_c7.jpg,image_08614_p0_b1_c0.jpg
3223,image_08614_p0_b1_c0.jpg,image_08614_p0_b0_c7.jpg
3224,image_08616_p0_b0_c7.jpg,image_08616_p0_b1_c0.jpg
3225,image_08616_p0_b1_c0.jpg,image_08616_p0_b0_c7.jpg
3226,image_08621_p0_b0_c7.jpg,image_08621_p0_b1_c0.jpg
3227,image_08621_p0_b1_c0.jpg,image_08621_p0_b0_c7.jpg
3228,image_08627_p0_b0_c7.jpg,image_08627_p0_b1_c0.jpg
3229,image_08627_p0_b1_c0.jpg,image_08627_p0_b0_c7.jpg
3230,image_08642_p0_b1_c7.jpg,image_08642_p0_b3_c0.jpg
3231,image_08642_p0_b3_c0.jpg,image_08642_p0_b1_c7.jpg
3232,image_08643_p0_b0_c7.jpg,image_08643_p0_b1_c0.jpg
3233,image_08643_p0_b1_c0.jpg,image_08643_p0_b0_c7.jpg
3234,image_08645_p0_b0_c7.jpg,image_08645_p0_b1_c0.jpg
3235,image_08645_p0_b1_c0.jpg,image_08645_p0_b0_c7.jpg
3236,image_08649_p0_b0_c7.jpg,image_08649_p0_b1_c0.jpg
3237,image_08649_p0_b1_c0.jpg,image_08649_p0_b0_c7.jpg
3238,image_08655_p0_b0_c7.jpg,image_08655_p0_b1_c0.jpg
3239,image_08655_p0_b1_c0.jpg,image_08655_p0_b0_c7.jpg
3240,image_08660_p0_b0_c7.jpg,image_08660_p0_b1_c0.jpg
3241,image_08660_p0_b1_c0.jpg,image_08660_p0_b0_c7.jpg
3242,image_08662_p0_b0_c7.jpg,image_08662_p0_b1_c0.jpg
3243,image_08662_p0_b1_c0.jpg,image_08662_p0_b0_c7.jpg
3244,image_08667_p0_b0_c7.jpg,image_08667_p0_b1_c0.jpg
3245,image_08667_p0_b1_c0.jpg,image_08667_p0_b0_c7.jpg
3246,image_08685_p0_b0_c6.jpg,image_08685_p0_b2_c0.jpg
3247,image_08685_p0_b2_c0.jpg,image_08685_p0_b0_c6.jpg
3248,image_08691_p0_b0_c7.jpg,image_08691_p0_b1_c8.jpg
3249,image_08691_p0_b1_c8.jpg,image_08691_p0_b0_c7.jpg
3250,image_08695_p0_b0_c7.jpg,image_08695_p0_b1_c0.jpg
3251,image_08695_p0_b1_c0.jpg,image_08695_p0_b0_c7.jpg
3252,image_08701_p0_b0_c7.jpg,image_08701_p0_b1_c0.jpg
3253,image_08701_p0_b1_c0.jpg,image_08701_p0_b0_c7.jpg
3254,image_08703_p0_b0_c7.jpg,image_08703_p0_b1_c0.jpg
3255,image_08703_p0_b1_c0.jpg,image_08703_p0_b0_c7.jpg
3256,image_08707_p0_b0_c7.jpg,image_08707_p0_b1_c0.jpg
3257,image_08707_p0_b1_c0.jpg,image_08707_p0_b0_c7.jpg
3258,image_08708_p5_b0_c7.jpg,image_08708_p5_b1_c7.jpg
3259,image_08708_p5_b1_c7.jpg,image_08708_p5_b0_c7.jpg
3260,image_08722_p0_b0_c6.jpg,image_08722_p0_b1_c0.jpg
3261,image_08722_p0_b1_c0.jpg,image_08722_p0_b0_c6.jpg
3262,image_08723_p0_b1_c6.jpg,image_08731_p0_b0_c7.jpg
3263,image_08731_p0_b0_c7.jpg,image_08723_p0_b1_c6.jpg
3264,image_08731_p0_b1_c7.jpg,image_08732_p0_b0_c7.jpg
3265,image_08732_p0_b0_c7.jpg,image_08731_p0_b1_c7.jpg
3266,image_08732_p0_b1_c7.jpg,image_08734_p0_b0_c7.jpg
3267,image_08734_p0_b0_c7.jpg,image_08732_p0_b1_c7.jpg
3268,image_08735_p0_b0_c7.jpg,image_08735_p0_b1_c7.jpg
3269,image_08735_p0_b1_c7.jpg,image_08735_p0_b0_c7.jpg
3270,image_08736_p0_b0_c7.jpg,image_08736_p0_b1_c0.jpg
3271,image_08736_p0_b1_c0.jpg,image_08736_p0_b0_c7.jpg
3272,image_08737_p0_b0_c0.jpg,image_08737_p0_b1_c7.jpg
3273,image_08737_p0_b1_c7.jpg,image_08737_p0_b0_c0.jpg
3274,image_08738_p0_b0_c7.jpg,image_08738_p0_b1_c0.jpg
3275,image_08738_p0_b1_c0.jpg,image_08738_p0_b0_c7.jpg
3276,image_08740_p0_b0_c7.jpg,image_08740_p0_b1_c0.jpg
3277,image_08740_p0_b1_c0.jpg,image_08740_p0_b0_c7.jpg
3278,image_08750_p0_b0_c0.jpg,image_08750_p0_b1_c7.jpg
3279,image_08750_p0_b1_c7.jpg,image_08750_p0_b0_c0.jpg
3280,image_08758_p0_b0_c7.jpg,image_08758_p2_b0_c11.jpg
3281,image_08758_p2_b0_c11.jpg,image_08758_p0_b0_c7.jpg
3282,image_08773_p0_b0_c7.jpg,image_08773_p0_b1_c0.jpg
3283,image_08773_p0_b1_c0.jpg,image_08773_p0_b0_c7.jpg
3284,image_08774_p0_b0_c7.jpg,image_08774_p0_b1_c0.jpg
3285,image_08774_p0_b1_c0.jpg,image_08774_p0_b0_c7.jpg
3286,image_08776_p0_b0_c8.jpg,image_08776_p0_b1_c0.jpg
3287,image_08776_p0_b1_c0.jpg,image_08776_p0_b0_c8.jpg
3288,image_08780_p0_b0_c6.jpg,image_08780_p0_b1_c7.jpg
3289,image_08780_p0_b1_c7.jpg,image_08780_p0_b0_c6.jpg
3290,image_08781_p0_b0_c7.jpg,image_08781_p0_b1_c0.jpg
3291,image_08781_p0_b1_c0.jpg,image_08781_p0_b0_c7.jpg
3292,image_08782_p0_b0_c6.jpg,image_08782_p0_b2_c0.jpg
3293,image_08782_p0_b2_c0.jpg,image_08782_p0_b0_c6.jpg
3294,image_08790_p0_b0_c7.jpg,image_08790_p0_b1_c0.jpg
3295,image_08790_p0_b1_c0.jpg,image_08790_p0_b0_c7.jpg
3296,image_08793_p0_b0_c7.jpg,image_08793_p0_b1_c0.jpg
3297,image_08793_p0_b1_c0.jpg,image_08793_p0_b0_c7.jpg
3298,image_08796_p0_b0_c7.jpg,image_08796_p0_b1_c0.jpg
3299,image_08796_p0_b1_c0.jpg,image_08796_p0_b0_c7.jpg
3300,image_08797_p0_b0_c7.jpg,image_08797_p0_b2_c0.jpg
3301,image_08797_p0_b2_c0.jpg,image_08797_p0_b0_c7.jpg
3302,image_08802_p0_b0_c7.jpg,image_08802_p0_b1_c0.jpg
3303,image_08802_p0_b1_c0.jpg,image_08802_p0_b0_c7.jpg
3304,image_08803_p0_b0_c7.jpg,image_08803_p0_b1_c0.jpg
3305,image_08803_p0_b1_c0.jpg,image_08803_p0_b0_c7.jpg
3306,image_08804_p0_b0_c7.jpg,image_08804_p0_b1_c0.jpg
3307,image_08804_p0_b1_c0.jpg,image_08804_p0_b0_c7.jpg
3308,image_08807_p0_b0_c7.jpg,image_08807_p0_b1_c0.jpg
3309,image_08807_p0_b1_c0.jpg,image_08807_p0_b0_c7.jpg
3310,image_08809_p0_b0_c7.jpg,image_08809_p0_b2_c0.jpg
3311,image_08809_p0_b2_c0.jpg,image_08809_p0_b0_c7.jpg
3312,image_08812_p0_b0_c7.jpg,image_08812_p0_b1_c0.jpg
3313,image_08812_p0_b1_c0.jpg,image_08812_p0_b0_c7.jpg
3314,image_08814_p0_b0_c7.jpg,image_08814_p0_b1_c0.jpg
3315,image_08814_p0_b1_c0.jpg,image_08814_p0_b0_c7.jpg
3316,image_08815_p0_b0_c7.jpg,image_08815_p0_b1_c0.jpg
3317,image_08815_p0_b1_c0.jpg,image_08815_p0_b0_c7.jpg
3318,image_08816_p0_b0_c7.jpg,image_08816_p0_b1_c0.jpg
3319,image_08816_p0_b1_c0.jpg,image_08816_p0_b0_c7.jpg
3320,image_08817_p0_b0_c7.jpg,image_08817_p0_b1_c0.jpg
3321,image_08817_p0_b1_c0.jpg,image_08817_p0_b0_c7.jpg
3322,image_08821_p0_b0_c7.jpg,image_08821_p0_b1_c0.jpg
3323,image_08821_p0_b1_c0.jpg,image_08821_p0_b0_c7.jpg
3324,image_08825_p0_b1_c0.jpg,image_08825_p0_b2_c7.jpg
3325,image_08825_p0_b2_c7.jpg,image_08825_p0_b1_c0.jpg
3326,image_08826_p0_b0_c7.jpg,image_08826_p0_b1_c0.jpg
3327,image_08826_p0_b1_c0.jpg,image_08826_p0_b0_c7.jpg
3328,image_08835_p0_b0_c0.jpg,image_08835_p0_b1_c8.jpg
3329,image_08835_p0_b1_c8.jpg,image_08835_p0_b0_c0.jpg
3330,image_08839_p0_b0_c7.jpg,image_08839_p0_b1_c0.jpg
3331,image_08839_p0_b1_c0.jpg,image_08839_p0_b0_c7.jpg
3332,image_08843_p0_b0_c6.jpg,image_08843_p0_b1_c0.jpg
3333,image_08843_p0_b1_c0.jpg,image_08843_p0_b0_c6.jpg
3334,image_08846_p0_b0_c7.jpg,image_08846_p0_b1_c0.jpg
3335,image_08846_p0_b1_c0.jpg,image_08846_p0_b0_c7.jpg
3336,image_08854_p0_b0_c7.jpg,image_08854_p0_b1_c0.jpg
3337,image_08854_p0_b1_c0.jpg,image_08854_p0_b0_c7.jpg
3338,image_08855_p0_b0_c7.jpg,image_08855_p0_b1_c0.jpg
3339,image_08855_p0_b1_c0.jpg,image_08855_p0_b0_c7.jpg
3340,image_08861_p0_b1_c7.jpg,image_08861_p0_b2_c0.jpg
3341,image_08861_p0_b2_c0.jpg,image_08861_p0_b1_c7.jpg
3342,image_08862_p0_b0_c7.jpg,image_08862_p0_b2_c0.jpg
3343,image_08862_p0_b2_c0.jpg,image_08862_p0_b0_c7.jpg
3344,image_08864_p0_b0_c7.jpg,image_08864_p0_b1_c0.jpg
3345,image_08864_p0_b1_c0.jpg,image_08864_p0_b0_c7.jpg
3346,image_08868_p0_b0_c7.jpg,image_08868_p0_b1_c0.jpg
3347,image_08868_p0_b1_c0.jpg,image_08868_p0_b0_c7.jpg
3348,image_08872_p0_b0_c7.jpg,image_08872_p0_b1_c0.jpg
3349,image_08872_p0_b1_c0.jpg,image_08872_p0_b0_c7.jpg
3350,image_08873_p0_b0_c7.jpg,image_08873_p0_b1_c0.jpg
3351,image_08873_p0_b1_c0.jpg,image_08873_p0_b0_c7.jpg
3352,image_08874_p0_b0_c7.jpg,image_08874_p0_b1_c0.jpg
3353,image_08874_p0_b1_c0.jpg,image_08874_p0_b0_c7.jpg
3354,image_08875_p0_b0_c7.jpg,image_08875_p0_b1_c0.jpg
3355,image_08875_p0_b1_c0.jpg,image_08875_p0_b0_c7.jpg
3356,image_08875_p2_b0_c7.jpg,image_08875_p2_b1_c0.jpg
3357,image_08875_p2_b1_c0.jpg,image_08875_p2_b0_c7.jpg
3358,image_08877_p0_b0_c7.jpg,image_08877_p0_b1_c0.jpg
3359,image_08877_p0_b1_c0.jpg,image_08877_p0_b0_c7.jpg
3360,image_08882_p0_b0_c7.jpg,image_08882_p0_b2_c0.jpg
3361,image_08882_p0_b2_c0.jpg,image_08882_p0_b0_c7.jpg
3362,image_08885_p0_b0_c7.jpg,image_08885_p0_b1_c0.jpg
3363,image_08885_p0_b1_c0.jpg,image_08885_p0_b0_c7.jpg
3364,image_08886_p0_b1_c0.jpg,image_08886_p0_b2_c7.jpg
3365,image_08886_p0_b2_c7.jpg,image_08886_p0_b1_c0.jpg
3366,image_08890_p0_b0_c7.jpg,image_08890_p0_b1_c0.jpg
3367,image_08890_p0_b1_c0.jpg,image_08890_p0_b0_c7.jpg
3368,image_08891_p0_b0_c7.jpg,image_08891_p0_b1_c0.jpg
3369,image_08891_p0_b1_c0.jpg,image_08891_p0_b0_c7.jpg
3370,image_08892_p0_b0_c7.jpg,image_08892_p0_b2_c0.jpg
3371,image_08892_p0_b2_c0.jpg,image_08892_p0_b0_c7.jpg
3372,image_08898_p0_b0_c7.jpg,image_08898_p0_b1_c0.jpg
3373,image_08898_p0_b1_c0.jpg,image_08898_p0_b0_c7.jpg
3374,image_08903_p0_b0_c7.jpg,image_08903_p0_b1_c0.jpg
3375,image_08903_p0_b1_c0.jpg,image_08903_p0_b0_c7.jpg
3376,image_08904_p0_b0_c7.jpg,image_08904_p0_b1_c0.jpg
3377,image_08904_p0_b1_c0.jpg,image_08904_p0_b0_c7.jpg
3378,image_08909_p0_b0_c7.jpg,image_08909_p0_b1_c0.jpg
3379,image_08909_p0_b1_c0.jpg,image_08909_p0_b0_c7.jpg
3380,image_08916_p0_b1_c7.jpg,image_08916_p0_b2_c0.jpg
3381,image_08916_p0_b2_c0.jpg,image_08916_p0_b1_c7.jpg
3382,image_08918_p0_b0_c7.jpg,image_08918_p0_b1_c7.jpg
3383,image_08918_p0_b1_c7.jpg,image_08918_p0_b0_c7.jpg
3384,image_08919_p0_b0_c7.jpg,image_08919_p0_b1_c0.jpg
3385,image_08919_p0_b1_c0.jpg,image_08919_p0_b0_c7.jpg
3386,image_08921_p0_b1_c7.jpg,image_08921_p0_b2_c0.jpg
3387,image_08921_p0_b2_c0.jpg,image_08921_p0_b1_c7.jpg
3388,image_08933_p0_b0_c0.jpg,image_08933_p0_b1_c11.jpg
3389,image_08933_p0_b1_c11.jpg,image_08933_p0_b0_c0.jpg
3390,image_08936_p0_b0_c7.jpg,image_08936_p0_b1_c0.jpg
3391,image_08936_p0_b1_c0.jpg,image_08936_p0_b0_c7.jpg
3392,image_08937_p0_b0_c7.jpg,image_08937_p0_b1_c0.jpg
3393,image_08937_p0_b1_c0.jpg,image_08937_p0_b0_c7.jpg
3394,image_08938_p0_b0_c7.jpg,image_08938_p0_b2_c0.jpg
3395,image_08938_p0_b2_c0.jpg,image_08938_p0_b0_c7.jpg
3396,image_08939_p0_b0_c7.jpg,image_08939_p0_b1_c0.jpg
3397,image_08939_p0_b1_c0.jpg,image_08939_p0_b0_c7.jpg
3398,image_08940_p0_b0_c7.jpg,image_08940_p0_b1_c0.jpg
3399,image_08940_p0_b1_c0.jpg,image_08940_p0_b0_c7.jpg
3400,image_08941_p0_b0_c7.jpg,image_08941_p0_b1_c0.jpg
3401,image_08941_p0_b1_c0.jpg,image_08941_p0_b0_c7.jpg
3402,image_08944_p0_b0_c7.jpg,image_08944_p0_b1_c0.jpg
3403,image_08944_p0_b1_c0.jpg,image_08944_p0_b0_c7.jpg
3404,image_08954_p0_b1_c0.jpg,image_08954_p0_b2_c7.jpg
3405,image_08954_p0_b2_c7.jpg,image_08954_p0_b1_c0.jpg
3406,image_08961_p0_b0_c7.jpg,image_08961_p0_b1_c0.jpg
3407,image_08961_p0_b1_c0.jpg,image_08961_p0_b0_c7.jpg
3408,image_08974_p0_b0_c7.jpg,image_08974_p0_b1_c0.jpg
3409,image_08974_p0_b1_c0.jpg,image_08974_p0_b0_c7.jpg
3410,image_08982_p0_b0_c7.jpg,image_08982_p0_b1_c0.jpg
3411,image_08982_p0_b1_c0.jpg,image_08982_p0_b0_c7.jpg
3412,image_08984_p0_b0_c7.jpg,image_08984_p0_b1_c0.jpg
3413,image_08984_p0_b1_c0.jpg,image_08984_p0_b0_c7.jpg
3414,image_08988_p0_b0_c7.jpg,image_08988_p0_b1_c0.jpg
3415,image_08988_p0_b1_c0.jpg,image_08988_p0_b0_c7.jpg
3416,image_08994_p0_b0_c7.jpg,image_08994_p0_b2_c0.jpg
3417,image_08994_p0_b2_c0.jpg,image_08994_p0_b0_c7.jpg
3418,image_08995_p0_b0_c7.jpg,image_08995_p0_b1_c0.jpg
3419,image_08995_p0_b1_c0.jpg,image_08995_p0_b0_c7.jpg
3420,image_08996_p0_b0_c6.jpg,image_08996_p0_b1_c0.jpg
3421,image_08996_p0_b1_c0.jpg,image_08996_p0_b0_c6.jpg
3422,image_08997_p0_b0_c7.jpg,image_08997_p0_b1_c0.jpg
3423,image_08997_p0_b1_c0.jpg,image_08997_p0_b0_c7.jpg
3424,image_08998_p0_b0_c6.jpg,image_08998_p0_b1_c0.jpg
3425,image_08998_p0_b1_c0.jpg,image_08998_p0_b0_c6.jpg
3426,image_09003_p0_b1_c0.jpg,image_09003_p0_b2_c7.jpg
3427,image_09003_p0_b2_c7.jpg,image_09003_p0_b1_c0.jpg
3428,image_09005_p0_b0_c7.jpg,image_09005_p0_b1_c0.jpg
3429,image_09005_p0_b1_c0.jpg,image_09005_p0_b0_c7.jpg
3430,image_09006_p0_b0_c7.jpg,image_09006_p0_b2_c0.jpg
3431,image_09006_p0_b2_c0.jpg,image_09006_p0_b0_c7.jpg
3432,image_09008_p0_b1_c7.jpg,image_09008_p0_b2_c0.jpg
3433,image_09008_p0_b2_c0.jpg,image_09008_p0_b1_c7.jpg
3434,image_09009_p0_b0_c7.jpg,image_09009_p0_b1_c0.jpg
3435,image_09009_p0_b1_c0.jpg,image_09009_p0_b0_c7.jpg
3436,image_09010_p0_b0_c7.jpg,image_09010_p0_b1_c0.jpg
3437,image_09010_p0_b1_c0.jpg,image_09010_p0_b0_c7.jpg
3438,image_09010_p2_b0_c7.jpg,image_09010_p2_b1_c0.jpg
3439,image_09010_p2_b1_c0.jpg,image_09010_p2_b0_c7.jpg
3440,image_09011_p0_b0_c7.jpg,image_09011_p0_b1_c0.jpg
3441,image_09011_p0_b1_c0.jpg,image_09011_p0_b0_c7.jpg
3442,image_09014_p0_b0_c7.jpg,image_09014_p0_b1_c0.jpg
3443,image_09014_p0_b1_c0.jpg,image_09014_p0_b0_c7.jpg
3444,image_09016_p0_b0_c7.jpg,image_09016_p0_b1_c0.jpg
3445,image_09016_p0_b1_c0.jpg,image_09016_p0_b0_c7.jpg
3446,image_09016_p1_b0_c7.jpg,image_09016_p1_b2_c0.jpg
3447,image_09016_p1_b2_c0.jpg,image_09016_p1_b0_c7.jpg
3448,image_09018_p0_b0_c6.jpg,image_09018_p0_b2_c0.jpg
3449,image_09018_p0_b2_c0.jpg,image_09018_p0_b0_c6.jpg
3450,image_09023_p0_b0_c7.jpg,image_09023_p0_b1_c0.jpg
3451,image_09023_p0_b1_c0.jpg,image_09023_p0_b0_c7.jpg
3452,image_09025_p0_b0_c0.jpg,image_09025_p0_b1_c7.jpg
3453,image_09025_p0_b1_c7.jpg,image_09025_p0_b0_c0.jpg
3454,image_09029_p0_b0_c7.jpg,image_09029_p0_b1_c0.jpg
3455,image_09029_p0_b1_c0.jpg,image_09029_p0_b0_c7.jpg
3456,image_09030_p0_b1_c7.jpg,image_09030_p0_b2_c0.jpg
3457,image_09030_p0_b2_c0.jpg,image_09030_p0_b1_c7.jpg
3458,image_09033_p0_b0_c7.jpg,image_09033_p0_b1_c0.jpg
3459,image_09033_p0_b1_c0.jpg,image_09033_p0_b0_c7.jpg
3460,image_09046_p0_b0_c7.jpg,image_09046_p0_b1_c0.jpg
3461,image_09046_p0_b1_c0.jpg,image_09046_p0_b0_c7.jpg
3462,image_09057_p0_b0_c7.jpg,image_09057_p0_b1_c0.jpg
3463,image_09057_p0_b1_c0.jpg,image_09057_p0_b0_c7.jpg
3464,image_09059_p0_b0_c7.jpg,image_09059_p0_b1_c0.jpg
3465,image_09059_p0_b1_c0.jpg,image_09059_p0_b0_c7.jpg
3466,image_09065_p0_b0_c7.jpg,image_09065_p0_b1_c0.jpg
3467,image_09065_p0_b1_c0.jpg,image_09065_p0_b0_c7.jpg
3468,image_09068_p0_b0_c7.jpg,image_09068_p0_b2_c0.jpg
3469,image_09068_p0_b2_c0.jpg,image_09068_p0_b0_c7.jpg
3470,image_09070_p0_b0_c7.jpg,image_09070_p0_b1_c0.jpg
3471,image_09070_p0_b1_c0.jpg,image_09070_p0_b0_c7.jpg
3472,image_09078_p0_b0_c7.jpg,image_09078_p0_b1_c0.jpg
3473,image_09078_p0_b1_c0.jpg,image_09078_p0_b0_c7.jpg
3474,image_09084_p0_b0_c7.jpg,image_09084_p0_b2_c0.jpg
3475,image_09084_p0_b2_c0.jpg,image_09084_p0_b0_c7.jpg
3476,image_09091_p0_b0_c7.jpg,image_09091_p0_b1_c0.jpg
3477,image_09091_p0_b1_c0.jpg,image_09091_p0_b0_c7.jpg
3478,image_09093_p0_b0_c7.jpg,image_09093_p0_b1_c0.jpg
3479,image_09093_p0_b1_c0.jpg,image_09093_p0_b0_c7.jpg
3480,image_09099_p0_b0_c7.jpg,image_09099_p0_b2_c0.jpg
3481,image_09099_p0_b2_c0.jpg,image_09099_p0_b0_c7.jpg
3482,image_09102_p0_b1_c0.jpg,image_09102_p0_b2_c8.jpg
3483,image_09102_p0_b2_c8.jpg,image_09102_p0_b1_c0.jpg
3484,image_09103_p0_b0_c7.jpg,image_09103_p0_b1_c0.jpg
3485,image_09103_p0_b1_c0.jpg,image_09103_p0_b0_c7.jpg
3486,image_09104_p0_b0_c7.jpg,image_09104_p0_b1_c0.jpg
3487,image_09104_p0_b1_c0.jpg,image_09104_p0_b0_c7.jpg
3488,image_09116_p0_b0_c7.jpg,image_09116_p0_b1_c0.jpg
3489,image_09116_p0_b1_c0.jpg,image_09116_p0_b0_c7.jpg
3490,image_09119_p0_b0_c7.jpg,image_09119_p0_b1_c0.jpg
3491,image_09119_p0_b1_c0.jpg,image_09119_p0_b0_c7.jpg
3492,image_09120_p0_b0_c6.jpg,image_09120_p0_b1_c0.jpg
3493,image_09120_p0_b1_c0.jpg,image_09120_p0_b0_c6.jpg
3494,image_09121_p0_b2_c0.jpg,image_09121_p0_b3_c7.jpg
3495,image_09121_p0_b3_c7.jpg,image_09121_p0_b2_c0.jpg
3496,image_09123_p0_b0_c7.jpg,image_09123_p0_b1_c0.jpg
3497,image_09123_p0_b1_c0.jpg,image_09123_p0_b0_c7.jpg
3498,image_09126_p0_b0_c6.jpg,image_09126_p0_b1_c0.jpg
3499,image_09126_p0_b1_c0.jpg,image_09126_p0_b0_c6.jpg
3500,image_09126_p1_b0_c0.jpg,image_09126_p1_b1_c6.jpg
3501,image_09126_p1_b1_c6.jpg,image_09126_p1_b0_c0.jpg
3502,image_09127_p0_b0_c7.jpg,image_09127_p0_b1_c0.jpg
3503,image_09127_p0_b1_c0.jpg,image_09127_p0_b0_c7.jpg
3504,image_09128_p0_b0_c7.jpg,image_09128_p0_b1_c0.jpg
3505,image_09128_p0_b1_c0.jpg,image_09128_p0_b0_c7.jpg
3506,image_09141_p0_b0_c7.jpg,image_09141_p0_b1_c0.jpg
3507,image_09141_p0_b1_c0.jpg,image_09141_p0_b0_c7.jpg
3508,image_09142_p0_b0_c7.jpg,image_09142_p0_b1_c0.jpg
3509,image_09142_p0_b1_c0.jpg,image_09142_p0_b0_c7.jpg
3510,image_09148_p0_b0_c7.jpg,image_09148_p0_b1_c0.jpg
3511,image_09148_p0_b1_c0.jpg,image_09148_p0_b0_c7.jpg
3512,image_09151_p0_b0_c7.jpg,image_09151_p0_b1_c0.jpg
3513,image_09151_p0_b1_c0.jpg,image_09151_p0_b0_c7.jpg
3514,image_09152_p0_b0_c7.jpg,image_09152_p0_b1_c0.jpg
3515,image_09152_p0_b1_c0.jpg,image_09152_p0_b0_c7.jpg
3516,image_09154_p0_b0_c7.jpg,image_09154_p0_b1_c0.jpg
3517,image_09154_p0_b1_c0.jpg,image_09154_p0_b0_c7.jpg
3518,image_09157_p0_b0_c7.jpg,image_09157_p0_b1_c0.jpg
3519,image_09157_p0_b1_c0.jpg,image_09157_p0_b0_c7.jpg
3520,image_09165_p0_b0_c7.jpg,image_09165_p0_b2_c0.jpg
3521,image_09165_p0_b2_c0.jpg,image_09165_p0_b0_c7.jpg
3522,image_09166_p0_b0_c7.jpg,image_09166_p0_b1_c0.jpg
3523,image_09166_p0_b1_c0.jpg,image_09166_p0_b0_c7.jpg
3524,image_09170_p0_b0_c7.jpg,image_09170_p0_b1_c0.jpg
3525,image_09170_p0_b1_c0.jpg,image_09170_p0_b0_c7.jpg
3526,image_09171_p0_b0_c7.jpg,image_09171_p0_b1_c0.jpg
3527,image_09171_p0_b1_c0.jpg,image_09171_p0_b0_c7.jpg
3528,image_09182_p0_b0_c7.jpg,image_09182_p0_b2_c0.jpg
3529,image_09182_p0_b2_c0.jpg,image_09182_p0_b0_c7.jpg
3530,image_09187_p0_b0_c7.jpg,image_09187_p0_b2_c0.jpg
3531,image_09187_p0_b2_c0.jpg,image_09187_p0_b0_c7.jpg
3532,image_09199_p0_b0_c7.jpg,image_09199_p0_b1_c0.jpg
3533,image_09199_p0_b1_c0.jpg,image_09199_p0_b0_c7.jpg
3534,image_09206_p0_b0_c7.jpg,image_09206_p0_b1_c0.jpg
3535,image_09206_p0_b1_c0.jpg,image_09206_p0_b0_c7.jpg
3536,image_09214_p0_b0_c7.jpg,image_09214_p0_b1_c0.jpg
3537,image_09214_p0_b1_c0.jpg,image_09214_p0_b0_c7.jpg
3538,image_09216_p0_b0_c7.jpg,image_09216_p0_b1_c0.jpg
3539,image_09216_p0_b1_c0.jpg,image_09216_p0_b0_c7.jpg
3540,image_09220_p0_b0_c7.jpg,image_09220_p0_b1_c0.jpg
3541,image_09220_p0_b1_c0.jpg,image_09220_p0_b0_c7.jpg
3542,image_09229_p0_b0_c7.jpg,image_09229_p0_b1_c0.jpg
3543,image_09229_p0_b1_c0.jpg,image_09229_p0_b0_c7.jpg
3544,image_09231_p0_b0_c7.jpg,image_09231_p0_b1_c0.jpg
3545,image_09231_p0_b1_c0.jpg,image_09231_p0_b0_c7.jpg
3546,image_09232_p0_b0_c0.jpg,image_09232_p0_b1_c7.jpg
3547,image_09232_p0_b1_c7.jpg,image_09232_p0_b0_c0.jpg
3548,image_09239_p0_b0_c7.jpg,image_09239_p0_b1_c0.jpg
3549,image_09239_p0_b1_c0.jpg,image_09239_p0_b0_c7.jpg
3550,image_09248_p0_b0_c7.jpg,image_09248_p0_b1_c0.jpg
3551,image_09248_p0_b1_c0.jpg,image_09248_p0_b0_c7.jpg
3552,image_09251_p0_b0_c7.jpg,image_09251_p0_b1_c0.jpg
3553,image_09251_p0_b1_c0.jpg,image_09251_p0_b0_c7.jpg
3554,image_09253_p0_b0_c7.jpg,image_09253_p0_b1_c0.jpg
3555,image_09253_p0_b1_c0.jpg,image_09253_p0_b0_c7.jpg
3556,image_09255_p2_b0_c7.jpg,image_09255_p2_b1_c0.jpg
3557,image_09255_p2_b1_c0.jpg,image_09255_p2_b0_c7.jpg
3558,image_09262_p0_b0_c7.jpg,image_09262_p0_b1_c0.jpg
3559,image_09262_p0_b1_c0.jpg,image_09262_p0_b0_c7.jpg
3560,image_09265_p1_b0_c7.jpg,image_09265_p1_b1_c0.jpg
3561,image_09265_p1_b1_c0.jpg,image_09265_p1_b0_c7.jpg
3562,image_09266_p0_b0_c7.jpg,image_09266_p0_b1_c0.jpg
3563,image_09266_p0_b1_c0.jpg,image_09266_p0_b0_c7.jpg
3564,image_09267_p0_b0_c7.jpg,image_09267_p0_b1_c0.jpg
3565,image_09267_p0_b1_c0.jpg,image_09267_p0_b0_c7.jpg
3566,image_09269_p0_b1_c7.jpg,image_09269_p0_b4_c0.jpg
3567,image_09269_p0_b4_c0.jpg,image_09269_p0_b1_c7.jpg
3568,image_09272_p0_b0_c0.jpg,image_09272_p0_b1_c7.jpg
3569,image_09272_p0_b1_c7.jpg,image_09272_p0_b0_c0.jpg
3570,image_09277_p0_b0_c7.jpg,image_09277_p0_b1_c0.jpg
3571,image_09277_p0_b1_c0.jpg,image_09277_p0_b0_c7.jpg
3572,image_09279_p0_b1_c7.jpg,image_09279_p0_b2_c0.jpg
3573,image_09279_p0_b2_c0.jpg,image_09279_p0_b1_c7.jpg
3574,image_09281_p0_b0_c7.jpg,image_09281_p0_b3_c0.jpg
3575,image_09281_p0_b3_c0.jpg,image_09281_p0_b0_c7.jpg
3576,image_09285_p0_b0_c7.jpg,image_09285_p0_b1_c0.jpg
3577,image_09285_p0_b1_c0.jpg,image_09285_p0_b0_c7.jpg
3578,image_09287_p0_b0_c7.jpg,image_09287_p0_b2_c0.jpg
3579,image_09287_p0_b2_c0.jpg,image_09287_p0_b0_c7.jpg
3580,image_09290_p0_b0_c7.jpg,image_09290_p0_b1_c0.jpg
3581,image_09290_p0_b1_c0.jpg,image_09290_p0_b0_c7.jpg
3582,image_09292_p0_b0_c0.jpg,image_09292_p0_b2_c7.jpg
3583,image_09292_p0_b2_c7.jpg,image_09292_p0_b0_c0.jpg
3584,image_09293_p0_b0_c7.jpg,image_09293_p0_b1_c0.jpg
3585,image_09293_p0_b1_c0.jpg,image_09293_p0_b0_c7.jpg
3586,image_09302_p0_b1_c0.jpg,image_09302_p0_b2_c7.jpg
3587,image_09302_p0_b2_c7.jpg,image_09302_p0_b1_c0.jpg
3588,image_09306_p0_b0_c7.jpg,image_09306_p0_b1_c0.jpg
3589,image_09306_p0_b1_c0.jpg,image_09306_p0_b0_c7.jpg
3590,image_09311_p0_b0_c7.jpg,image_09311_p0_b1_c0.jpg
3591,image_09311_p0_b1_c0.jpg,image_09311_p0_b0_c7.jpg
3592,image_09312_p0_b0_c7.jpg,image_09312_p0_b1_c0.jpg
3593,image_09312_p0_b1_c0.jpg,image_09312_p0_b0_c7.jpg
3594,image_09316_p0_b0_c7.jpg,image_09316_p0_b1_c0.jpg
3595,image_09316_p0_b1_c0.jpg,image_09316_p0_b0_c7.jpg
3596,image_09319_p0_b0_c7.jpg,image_09319_p0_b1_c0.jpg
3597,image_09319_p0_b1_c0.jpg,image_09319_p0_b0_c7.jpg
3598,image_09327_p0_b0_c7.jpg,image_09327_p0_b1_c0.jpg
3599,image_09327_p0_b1_c0.jpg,image_09327_p0_b0_c7.jpg
3600,image_09330_p0_b0_c6.jpg,image_09330_p0_b1_c0.jpg
3601,image_09330_p0_b1_c0.jpg,image_09330_p0_b0_c6.jpg
3602,image_09332_p0_b0_c7.jpg,image_09332_p0_b1_c0.jpg
3603,image_09332_p0_b1_c0.jpg,image_09332_p0_b0_c7.jpg
3604,image_09333_p0_b0_c7.jpg,image_09333_p0_b1_c0.jpg
3605,image_09333_p0_b1_c0.jpg,image_09333_p0_b0_c7.jpg
3606,image_09334_p0_b0_c7.jpg,image_09334_p0_b1_c0.jpg
3607,image_09334_p0_b1_c0.jpg,image_09334_p0_b0_c7.jpg
3608,image_09337_p0_b0_c7.jpg,image_09337_p1_b0_c0.jpg
3609,image_09337_p1_b0_c0.jpg,image_09337_p0_b0_c7.jpg
3610,image_09339_p0_b0_c0.jpg,image_09339_p0_b1_c7.jpg
3611,image_09339_p0_b1_c7.jpg,image_09339_p0_b0_c0.jpg
3612,image_09344_p0_b0_c7.jpg,image_09344_p0_b1_c0.jpg
3613,image_09344_p0_b1_c0.jpg,image_09344_p0_b0_c7.jpg
3614,image_09347_p0_b1_c7.jpg,image_09347_p0_b3_c7.jpg
3615,image_09347_p0_b3_c7.jpg,image_09347_p0_b1_c7.jpg
3616,image_09356_p0_b0_c7.jpg,image_09356_p0_b1_c0.jpg
3617,image_09356_p0_b1_c0.jpg,image_09356_p0_b0_c7.jpg
3618,image_09360_p0_b0_c7.jpg,image_09360_p0_b1_c0.jpg
3619,image_09360_p0_b1_c0.jpg,image_09360_p0_b0_c7.jpg
3620,image_09363_p0_b0_c0.jpg,image_09363_p0_b1_c8.jpg
3621,image_09363_p0_b1_c8.jpg,image_09363_p0_b0_c0.jpg
3622,image_09365_p0_b0_c7.jpg,image_09365_p0_b1_c0.jpg
3623,image_09365_p0_b1_c0.jpg,image_09365_p0_b0_c7.jpg
3624,image_09368_p0_b0_c7.jpg,image_09368_p0_b1_c0.jpg
3625,image_09368_p0_b1_c0.jpg,image_09368_p0_b0_c7.jpg
3626,image_09371_p0_b0_c7.jpg,image_09371_p0_b1_c0.jpg
3627,image_09371_p0_b1_c0.jpg,image_09371_p0_b0_c7.jpg
3628,image_09373_p0_b0_c7.jpg,image_09373_p0_b1_c0.jpg
3629,image_09373_p0_b1_c0.jpg,image_09373_p0_b0_c7.jpg
3630,image_09375_p0_b0_c7.jpg,image_09375_p0_b1_c0.jpg
3631,image_09375_p0_b1_c0.jpg,image_09375_p0_b0_c7.jpg
3632,image_09381_p0_b0_c7.jpg,image_09381_p0_b1_c0.jpg
3633,image_09381_p0_b1_c0.jpg,image_09381_p0_b0_c7.jpg
3634,image_09383_p0_b0_c7.jpg,image_09383_p0_b1_c0.jpg
3635,image_09383_p0_b1_c0.jpg,image_09383_p0_b0_c7.jpg
3636,image_09385_p0_b0_c6.jpg,image_09385_p0_b1_c0.jpg
3637,image_09385_p0_b1_c0.jpg,image_09385_p0_b0_c6.jpg
3638,image_09386_p0_b0_c7.jpg,image_09386_p0_b1_c0.jpg
3639,image_09386_p0_b1_c0.jpg,image_09386_p0_b0_c7.jpg
3640,image_09389_p0_b0_c7.jpg,image_09389_p0_b1_c1.jpg
3641,image_09389_p0_b1_c1.jpg,image_09389_p0_b0_c7.jpg
3642,image_09390_p0_b0_c7.jpg,image_09390_p0_b1_c0.jpg
3643,image_09390_p0_b1_c0.jpg,image_09390_p0_b0_c7.jpg
3644,image_09392_p0_b0_c7.jpg,image_09392_p0_b1_c0.jpg
3645,image_09392_p0_b1_c0.jpg,image_09392_p0_b0_c7.jpg
3646,image_09398_p0_b0_c7.jpg,image_09398_p0_b1_c0.jpg
3647,image_09398_p0_b1_c0.jpg,image_09398_p0_b0_c7.jpg
3648,image_09399_p0_b0_c0.jpg,image_09399_p0_b1_c7.jpg
3649,image_09399_p0_b1_c7.jpg,image_09399_p0_b0_c0.jpg
3650,image_09400_p0_b0_c0.jpg,image_09400_p0_b2_c8.jpg
3651,image_09400_p0_b2_c8.jpg,image_09400_p0_b0_c0.jpg
3652,image_09401_p0_b1_c6.jpg,image_09401_p0_b2_c0.jpg
3653,image_09401_p0_b2_c0.jpg,image_09401_p0_b1_c6.jpg
3654,image_09402_p0_b0_c7.jpg,image_09402_p0_b1_c7.jpg
3655,image_09402_p0_b1_c7.jpg,image_09402_p0_b0_c7.jpg
3656,image_09405_p0_b0_c7.jpg,image_09405_p0_b1_c0.jpg
3657,image_09405_p0_b1_c0.jpg,image_09405_p0_b0_c7.jpg
3658,image_09408_p0_b0_c7.jpg,image_09408_p0_b2_c0.jpg
3659,image_09408_p0_b2_c0.jpg,image_09408_p0_b0_c7.jpg
3660,image_09409_p0_b0_c7.jpg,image_09409_p0_b1_c0.jpg
3661,image_09409_p0_b1_c0.jpg,image_09409_p0_b0_c7.jpg
3662,image_09414_p0_b0_c7.jpg,image_09414_p0_b1_c0.jpg
3663,image_09414_p0_b1_c0.jpg,image_09414_p0_b0_c7.jpg
3664,image_09419_p0_b2_c0.jpg,image_09419_p0_b3_c6.jpg
3665,image_09419_p0_b3_c6.jpg,image_09419_p0_b2_c0.jpg
3666,image_09421_p0_b0_c7.jpg,image_09421_p0_b1_c0.jpg
3667,image_09421_p0_b1_c0.jpg,image_09421_p0_b0_c7.jpg
3668,image_09426_p0_b0_c7.jpg,image_09426_p0_b1_c0.jpg
3669,image_09426_p0_b1_c0.jpg,image_09426_p0_b0_c7.jpg
3670,image_09435_p0_b0_c7.jpg,image_09435_p0_b1_c0.jpg
3671,image_09435_p0_b1_c0.jpg,image_09435_p0_b0_c7.jpg
3672,image_09436_p0_b0_c7.jpg,image_09436_p0_b2_c0.jpg
3673,image_09436_p0_b2_c0.jpg,image_09436_p0_b0_c7.jpg
3674,image_09439_p0_b0_c7.jpg,image_09439_p0_b1_c0.jpg
3675,image_09439_p0_b1_c0.jpg,image_09439_p0_b0_c7.jpg
3676,image_09441_p0_b0_c7.jpg,image_09441_p0_b1_c0.jpg
3677,image_09441_p0_b1_c0.jpg,image_09441_p0_b0_c7.jpg
3678,image_09444_p0_b0_c7.jpg,image_09444_p0_b1_c0.jpg
3679,image_09444_p0_b1_c0.jpg,image_09444_p0_b0_c7.jpg
3680,image_09448_p0_b0_c7.jpg,image_09448_p0_b1_c0.jpg
3681,image_09448_p0_b1_c0.jpg,image_09448_p0_b0_c7.jpg
3682,image_09453_p0_b0_c7.jpg,image_09453_p0_b1_c0.jpg
3683,image_09453_p0_b1_c0.jpg,image_09453_p0_b0_c7.jpg
3684,image_09455_p0_b0_c7.jpg,image_09455_p0_b1_c0.jpg
3685,image_09455_p0_b1_c0.jpg,image_09455_p0_b0_c7.jpg
3686,image_09458_p0_b0_c8.jpg,image_09458_p0_b1_c0.jpg
3687,image_09458_p0_b1_c0.jpg,image_09458_p0_b0_c8.jpg
3688,image_09461_p0_b0_c7.jpg,image_09461_p0_b1_c0.jpg
3689,image_09461_p0_b1_c0.jpg,image_09461_p0_b0_c7.jpg
3690,image_09465_p0_b0_c7.jpg,image_09465_p0_b1_c0.jpg
3691,image_09465_p0_b1_c0.jpg,image_09465_p0_b0_c7.jpg
3692,image_09475_p0_b0_c7.jpg,image_09475_p0_b1_c0.jpg
3693,image_09475_p0_b1_c0.jpg,image_09475_p0_b0_c7.jpg
3694,image_09485_p0_b3_c0.jpg,image_09485_p0_b5_c8.jpg
3695,image_09485_p0_b5_c8.jpg,image_09485_p0_b3_c0.jpg
3696,image_09489_p0_b0_c7.jpg,image_09489_p0_b1_c0.jpg
3697,image_09489_p0_b1_c0.jpg,image_09489_p0_b0_c7.jpg
3698,image_09491_p0_b0_c7.jpg,image_09491_p0_b2_c0.jpg
3699,image_09491_p0_b2_c0.jpg,image_09491_p0_b0_c7.jpg
3700,image_09495_p0_b0_c7.jpg,image_09495_p0_b1_c0.jpg
3701,image_09495_p0_b1_c0.jpg,image_09495_p0_b0_c7.jpg
3702,image_09500_p0_b0_c7.jpg,image_09500_p0_b1_c0.jpg
3703,image_09500_p0_b1_c0.jpg,image_09500_p0_b0_c7.jpg
3704,image_09508_p0_b0_c7.jpg,image_09508_p0_b1_c0.jpg
3705,image_09508_p0_b1_c0.jpg,image_09508_p0_b0_c7.jpg
3706,image_09513_p0_b0_c8.jpg,image_09513_p0_b1_c0.jpg
3707,image_09513_p0_b1_c0.jpg,image_09513_p0_b0_c8.jpg
3708,image_09514_p0_b0_c6.jpg,image_09514_p0_b2_c0.jpg
3709,image_09514_p0_b2_c0.jpg,image_09514_p0_b0_c6.jpg
3710,image_09520_p0_b0_c7.jpg,image_09520_p0_b1_c0.jpg
3711,image_09520_p0_b1_c0.jpg,image_09520_p0_b0_c7.jpg
3712,image_09527_p0_b0_c7.jpg,image_09527_p0_b2_c0.jpg
3713,image_09527_p0_b2_c0.jpg,image_09527_p0_b0_c7.jpg
3714,image_09530_p0_b0_c7.jpg,image_09530_p0_b1_c0.jpg
3715,image_09530_p0_b1_c0.jpg,image_09530_p0_b0_c7.jpg
3716,image_09533_p0_b0_c7.jpg,image_09533_p0_b1_c0.jpg
3717,image_09533_p0_b1_c0.jpg,image_09533_p0_b0_c7.jpg
3718,image_09542_p0_b0_c7.jpg,image_09542_p0_b1_c0.jpg
3719,image_09542_p0_b1_c0.jpg,image_09542_p0_b0_c7.jpg
3720,image_09546_p0_b0_c7.jpg,image_09546_p0_b1_c0.jpg
3721,image_09546_p0_b1_c0.jpg,image_09546_p0_b0_c7.jpg
3722,image_09552_p0_b0_c6.jpg,image_09552_p0_b1_c0.jpg
3723,image_09552_p0_b1_c0.jpg,image_09552_p0_b0_c6.jpg
3724,image_09554_p0_b0_c7.jpg,image_09554_p0_b2_c0.jpg
3725,image_09554_p0_b2_c0.jpg,image_09554_p0_b0_c7.jpg
3726,image_09559_p0_b0_c7.jpg,image_09559_p0_b1_c0.jpg
3727,image_09559_p0_b1_c0.jpg,image_09559_p0_b0_c7.jpg
3728,image_09565_p0_b0_c7.jpg,image_09565_p0_b2_c0.jpg
3729,image_09565_p0_b2_c0.jpg,image_09565_p0_b0_c7.jpg
3730,image_09578_p0_b0_c7.jpg,image_09578_p0_b1_c11.jpg
3731,image_09578_p0_b1_c11.jpg,image_09578_p0_b0_c7.jpg
3732,image_09580_p0_b0_c6.jpg,image_09580_p0_b1_c0.jpg
3733,image_09580_p0_b1_c0.jpg,image_09580_p0_b0_c6.jpg
3734,image_09582_p0_b1_c8.jpg,image_09582_p0_b2_c0.jpg
3735,image_09582_p0_b2_c0.jpg,image_09582_p0_b1_c8.jpg
3736,image_09588_p0_b1_c0.jpg,image_09588_p0_b2_c8.jpg
3737,image_09588_p0_b2_c8.jpg,image_09588_p0_b1_c0.jpg
3738,image_09589_p0_b0_c7.jpg,image_09589_p0_b1_c0.jpg
3739,image_09589_p0_b1_c0.jpg,image_09589_p0_b0_c7.jpg
3740,image_09591_p0_b1_c7.jpg,image_09591_p0_b2_c0.jpg
3741,image_09591_p0_b2_c0.jpg,image_09591_p0_b1_c7.jpg
3742,image_09592_p0_b0_c7.jpg,image_09592_p0_b1_c0.jpg
3743,image_09592_p0_b1_c0.jpg,image_09592_p0_b0_c7.jpg
3744,image_09594_p0_b0_c7.jpg,image_09594_p0_b1_c0.jpg
3745,image_09594_p0_b1_c0.jpg,image_09594_p0_b0_c7.jpg
3746,image_09596_p0_b0_c7.jpg,image_09596_p0_b1_c0.jpg
3747,image_09596_p0_b1_c0.jpg,image_09596_p0_b0_c7.jpg
3748,image_09601_p0_b0_c7.jpg,image_09601_p0_b1_c0.jpg
3749,image_09601_p0_b1_c0.jpg,image_09601_p0_b0_c7.jpg
3750,image_09602_p0_b0_c7.jpg,image_09602_p0_b1_c0.jpg
3751,image_09602_p0_b1_c0.jpg,image_09602_p0_b0_c7.jpg
3752,image_09603_p0_b0_c7.jpg,image_09603_p0_b1_c0.jpg
3753,image_09603_p0_b1_c0.jpg,image_09603_p0_b0_c7.jpg
3754,image_09617_p0_b0_c7.jpg,image_09617_p0_b1_c0.jpg
3755,image_09617_p0_b1_c0.jpg,image_09617_p0_b0_c7.jpg
3756,image_09618_p0_b0_c7.jpg,image_09618_p0_b1_c0.jpg
3757,image_09618_p0_b1_c0.jpg,image_09618_p0_b0_c7.jpg
3758,image_09619_p0_b0_c7.jpg,image_09619_p0_b2_c0.jpg
3759,image_09619_p0_b2_c0.jpg,image_09619_p0_b0_c7.jpg
3760,image_09620_p0_b0_c7.jpg,image_09620_p0_b1_c0.jpg
3761,image_09620_p0_b1_c0.jpg,image_09620_p0_b0_c7.jpg
3762,image_09620_p1_b0_c7.jpg,image_09620_p1_b1_c0.jpg
3763,image_09620_p1_b1_c0.jpg,image_09620_p1_b0_c7.jpg
3764,image_09626_p0_b0_c7.jpg,image_09626_p0_b1_c0.jpg
3765,image_09626_p0_b1_c0.jpg,image_09626_p0_b0_c7.jpg
3766,image_09629_p0_b0_c7.jpg,image_09629_p0_b1_c0.jpg
3767,image_09629_p0_b1_c0.jpg,image_09629_p0_b0_c7.jpg
3768,image_09631_p0_b0_c6.jpg,image_09631_p0_b1_c0.jpg
3769,image_09631_p0_b1_c0.jpg,image_09631_p0_b0_c6.jpg
3770,image_09642_p0_b0_c7.jpg,image_09642_p0_b1_c0.jpg
3771,image_09642_p0_b1_c0.jpg,image_09642_p0_b0_c7.jpg
3772,image_09649_p0_b0_c7.jpg,image_09649_p0_b1_c0.jpg
3773,image_09649_p0_b1_c0.jpg,image_09649_p0_b0_c7.jpg
3774,image_09650_p0_b0_c7.jpg,image_09650_p2_b0_c7.jpg
3775,image_09650_p2_b0_c7.jpg,image_09650_p0_b0_c7.jpg
3776,image_09651_p0_b1_c7.jpg,image_09651_p0_b3_c0.jpg
3777,image_09651_p0_b3_c0.jpg,image_09651_p0_b1_c7.jpg
3778,image_09655_p0_b0_c6.jpg,image_09655_p0_b1_c0.jpg
3779,image_09655_p0_b1_c0.jpg,image_09655_p0_b0_c6.jpg
3780,image_09656_p0_b0_c7.jpg,image_09656_p0_b2_c0.jpg
3781,image_09656_p0_b2_c0.jpg,image_09656_p0_b0_c7.jpg
3782,image_09658_p0_b0_c0.jpg,image_09658_p0_b1_c7.jpg
3783,image_09658_p0_b1_c7.jpg,image_09658_p0_b0_c0.jpg
3784,image_09659_p0_b0_c7.jpg,image_09659_p0_b1_c0.jpg
3785,image_09659_p0_b1_c0.jpg,image_09659_p0_b0_c7.jpg
3786,image_09661_p0_b0_c7.jpg,image_09661_p0_b1_c0.jpg
3787,image_09661_p0_b1_c0.jpg,image_09661_p0_b0_c7.jpg
3788,image_09664_p0_b0_c0.jpg,image_09664_p0_b2_c7.jpg
3789,image_09664_p0_b2_c7.jpg,image_09664_p0_b0_c0.jpg
3790,image_09674_p0_b0_c0.jpg,image_09674_p0_b1_c7.jpg
3791,image_09674_p0_b1_c7.jpg,image_09674_p0_b0_c0.jpg
3792,image_09682_p0_b0_c7.jpg,image_09682_p0_b1_c0.jpg
3793,image_09682_p0_b1_c0.jpg,image_09682_p0_b0_c7.jpg
3794,image_09685_p0_b0_c7.jpg,image_09685_p0_b1_c0.jpg
3795,image_09685_p0_b1_c0.jpg,image_09685_p0_b0_c7.jpg
3796,image_09687_p0_b0_c7.jpg,image_09687_p0_b1_c0.jpg
3797,image_09687_p0_b1_c0.jpg,image_09687_p0_b0_c7.jpg
3798,image_09689_p0_b0_c7.jpg,image_09689_p0_b1_c1.jpg
3799,image_09689_p0_b1_c1.jpg,image_09689_p0_b0_c7.jpg
3800,image_09691_p0_b0_c7.jpg,image_09691_p0_b1_c0.jpg
3801,image_09691_p0_b1_c0.jpg,image_09691_p0_b0_c7.jpg
3802,image_09697_p0_b0_c7.jpg,image_09697_p0_b1_c0.jpg
3803,image_09697_p0_b1_c0.jpg,image_09697_p0_b0_c7.jpg
3804,image_09698_p0_b0_c7.jpg,image_09698_p0_b1_c0.jpg
3805,image_09698_p0_b1_c0.jpg,image_09698_p0_b0_c7.jpg
3806,image_09705_p0_b0_c7.jpg,image_09705_p0_b1_c0.jpg
3807,image_09705_p0_b1_c0.jpg,image_09705_p0_b0_c7.jpg
3808,image_09706_p0_b0_c7.jpg,image_09706_p0_b1_c0.jpg
3809,image_09706_p0_b1_c0.jpg,image_09706_p0_b0_c7.jpg
3810,image_09707_p0_b0_c7.jpg,image_09707_p0_b2_c0.jpg
3811,image_09707_p0_b2_c0.jpg,image_09707_p0_b0_c7.jpg
3812,image_09711_p0_b0_c7.jpg,image_09711_p0_b1_c0.jpg
3813,image_09711_p0_b1_c0.jpg,image_09711_p0_b0_c7.jpg
3814,image_09714_p0_b0_c7.jpg,image_09714_p0_b1_c0.jpg
3815,image_09714_p0_b1_c0.jpg,image_09714_p0_b0_c7.jpg
3816,image_09714_p1_b0_c7.jpg,image_09714_p1_b1_c0.jpg
3817,image_09714_p1_b1_c0.jpg,image_09714_p1_b0_c7.jpg
3818,image_09716_p0_b0_c7.jpg,image_09716_p0_b1_c0.jpg
3819,image_09716_p0_b1_c0.jpg,image_09716_p0_b0_c7.jpg
3820,image_09718_p0_b0_c7.jpg,image_09718_p0_b2_c0.jpg
3821,image_09718_p0_b2_c0.jpg,image_09718_p0_b0_c7.jpg
3822,image_09735_p0_b0_c7.jpg,image_09735_p0_b1_c0.jpg
3823,image_09735_p0_b1_c0.jpg,image_09735_p0_b0_c7.jpg
3824,image_09736_p0_b0_c7.jpg,image_09736_p0_b1_c0.jpg
3825,image_09736_p0_b1_c0.jpg,image_09736_p0_b0_c7.jpg
3826,image_09738_p0_b0_c6.jpg,image_09738_p0_b2_c0.jpg
3827,image_09738_p0_b2_c0.jpg,image_09738_p0_b0_c6.jpg
3828,image_09745_p0_b0_c7.jpg,image_09745_p0_b1_c0.jpg
3829,image_09745_p0_b1_c0.jpg,image_09745_p0_b0_c7.jpg
3830,image_09746_p0_b1_c0.jpg,image_09746_p0_b2_c6.jpg
3831,image_09746_p0_b2_c6.jpg,image_09746_p0_b1_c0.jpg
3832,image_09752_p0_b0_c7.jpg,image_09752_p0_b1_c0.jpg
3833,image_09752_p0_b1_c0.jpg,image_09752_p0_b0_c7.jpg
3834,image_09773_p0_b0_c7.jpg,image_09773_p0_b1_c1.jpg
3835,image_09773_p0_b1_c1.jpg,image_09773_p0_b0_c7.jpg
3836,image_09776_p0_b0_c7.jpg,image_09776_p0_b1_c0.jpg
3837,image_09776_p0_b1_c0.jpg,image_09776_p0_b0_c7.jpg
3838,image_09777_p0_b0_c7.jpg,image_09777_p0_b1_c0.jpg
3839,image_09777_p0_b1_c0.jpg,image_09777_p0_b0_c7.jpg
3840,image_09779_p0_b0_c7.jpg,image_09779_p0_b1_c0.jpg
3841,image_09779_p0_b1_c0.jpg,image_09779_p0_b0_c7.jpg
3842,image_09781_p0_b0_c7.jpg,image_09781_p0_b1_c0.jpg
3843,image_09781_p0_b1_c0.jpg,image_09781_p0_b0_c7.jpg
3844,image_09782_p0_b0_c7.jpg,image_09782_p1_b0_c0.jpg
3845,image_09782_p1_b0_c0.jpg,image_09782_p0_b0_c7.jpg
3846,image_09784_p0_b1_c6.jpg,image_09784_p0_b2_c0.jpg
3847,image_09784_p0_b2_c0.jpg,image_09784_p0_b1_c6.jpg
3848,image_09785_p0_b0_c7.jpg,image_09785_p0_b1_c0.jpg
3849,image_09785_p0_b1_c0.jpg,image_09785_p0_b0_c7.jpg
3850,image_09786_p0_b0_c7.jpg,image_09786_p0_b1_c0.jpg
3851,image_09786_p0_b1_c0.jpg,image_09786_p0_b0_c7.jpg
3852,image_09788_p0_b0_c7.jpg,image_09788_p0_b1_c0.jpg
3853,image_09788_p0_b1_c0.jpg,image_09788_p0_b0_c7.jpg
3854,image_09793_p0_b0_c7.jpg,image_09793_p0_b1_c0.jpg
3855,image_09793_p0_b1_c0.jpg,image_09793_p0_b0_c7.jpg
3856,image_09799_p0_b0_c7.jpg,image_09799_p0_b1_c0.jpg
3857,image_09799_p0_b1_c0.jpg,image_09799_p0_b0_c7.jpg
3858,image_09808_p0_b0_c7.jpg,image_09808_p0_b1_c0.jpg
3859,image_09808_p0_b1_c0.jpg,image_09808_p0_b0_c7.jpg
3860,image_09809_p1_b0_c7.jpg,image_09809_p1_b1_c0.jpg
3861,image_09809_p1_b1_c0.jpg,image_09809_p1_b0_c7.jpg
3862,image_09822_p0_b0_c7.jpg,image_09822_p0_b1_c11.jpg
3863,image_09822_p0_b1_c11.jpg,image_09822_p0_b0_c7.jpg
3864,image_09832_p0_b0_c7.jpg,image_09832_p0_b1_c0.jpg
3865,image_09832_p0_b1_c0.jpg,image_09832_p0_b0_c7.jpg
3866,image_09833_p0_b0_c7.jpg,image_09833_p0_b1_c0.jpg
3867,image_09833_p0_b1_c0.jpg,image_09833_p0_b0_c7.jpg
3868,image_09836_p0_b0_c7.jpg,image_09836_p0_b1_c0.jpg
3869,image_09836_p0_b1_c0.jpg,image_09836_p0_b0_c7.jpg
3870,image_09842_p0_b0_c7.jpg,image_09842_p0_b1_c0.jpg
3871,image_09842_p0_b1_c0.jpg,image_09842_p0_b0_c7.jpg
3872,image_09843_p0_b0_c0.jpg,image_09843_p0_b1_c7.jpg
3873,image_09843_p0_b1_c7.jpg,image_09843_p0_b0_c0.jpg
3874,image_09844_p0_b0_c7.jpg,image_09844_p0_b2_c0.jpg
3875,image_09844_p0_b2_c0.jpg,image_09844_p0_b0_c7.jpg
3876,image_09847_p1_b0_c0.jpg,image_09847_p1_b1_c7.jpg
3877,image_09847_p1_b1_c7.jpg,image_09847_p1_b0_c0.jpg
3878,image_09855_p0_b1_c6.jpg,image_09855_p0_b2_c0.jpg
3879,image_09855_p0_b2_c0.jpg,image_09855_p0_b1_c6.jpg
3880,image_09864_p0_b0_c0.jpg,image_09864_p0_b1_c6.jpg
3881,image_09864_p0_b1_c6.jpg,image_09864_p0_b0_c0.jpg
3882,image_09875_p0_b0_c7.jpg,image_09875_p0_b1_c0.jpg
3883,image_09875_p0_b1_c0.jpg,image_09875_p0_b0_c7.jpg
3884,image_09880_p0_b0_c0.jpg,image_09880_p0_b1_c7.jpg
3885,image_09880_p0_b1_c7.jpg,image_09880_p0_b0_c0.jpg
3886,image_09885_p0_b0_c7.jpg,image_09885_p0_b1_c7.jpg
3887,image_09885_p0_b1_c7.jpg,image_09885_p0_b0_c7.jpg
3888,image_09885_p0_b2_c7.jpg,image_09885_p0_b3_c0.jpg
3889,image_09885_p0_b3_c0.jpg,image_09885_p0_b2_c7.jpg
3890,image_09886_p0_b0_c0.jpg,image_09886_p0_b2_c7.jpg
3891,image_09886_p0_b2_c7.jpg,image_09886_p0_b0_c0.jpg
3892,image_09891_p0_b0_c7.jpg,image_09891_p0_b1_c0.jpg
3893,image_09891_p0_b1_c0.jpg,image_09891_p0_b0_c7.jpg
3894,image_09893_p0_b0_c7.jpg,image_09893_p0_b1_c0.jpg
3895,image_09893_p0_b1_c0.jpg,image_09893_p0_b0_c7.jpg
3896,image_09897_p0_b0_c7.jpg,image_09897_p0_b2_c0.jpg
3897,image_09897_p0_b2_c0.jpg,image_09897_p0_b0_c7.jpg
3898,image_09899_p0_b0_c7.jpg,image_09899_p0_b1_c0.jpg
3899,image_09899_p0_b1_c0.jpg,image_09899_p0_b0_c7.jpg
3900,image_09905_p0_b0_c7.jpg,image_09905_p0_b1_c0.jpg
3901,image_09905_p0_b1_c0.jpg,image_09905_p0_b0_c7.jpg
3902,image_09905_p1_b0_c7.jpg,image_09905_p1_b1_c0.jpg
3903,image_09905_p1_b1_c0.jpg,image_09905_p1_b0_c7.jpg
3904,image_09908_p0_b0_c7.jpg,image_09908_p0_b1_c0.jpg
3905,image_09908_p0_b1_c0.jpg,image_09908_p0_b0_c7.jpg
3906,image_09909_p0_b0_c7.jpg,image_09909_p0_b1_c0.jpg
3907,image_09909_p0_b1_c0.jpg,image_09909_p0_b0_c7.jpg
3908,image_09911_p0_b0_c7.jpg,image_09911_p0_b1_c0.jpg
3909,image_09911_p0_b1_c0.jpg,image_09911_p0_b0_c7.jpg
3910,image_09917_p0_b0_c7.jpg,image_09917_p0_b1_c0.jpg
3911,image_09917_p0_b1_c0.jpg,image_09917_p0_b0_c7.jpg
3912,image_09920_p0_b0_c7.jpg,image_09920_p0_b1_c0.jpg
3913,image_09920_p0_b1_c0.jpg,image_09920_p0_b0_c7.jpg
3914,image_09939_p0_b0_c7.jpg,image_09939_p0_b1_c0.jpg
3915,image_09939_p0_b1_c0.jpg,image_09939_p0_b0_c7.jpg
3916,image_09953_p0_b0_c6.jpg,image_09953_p0_b1_c0.jpg
3917,image_09953_p0_b1_c0.jpg,image_09953_p0_b0_c6.jpg
3918,image_09954_p0_b0_c7.jpg,image_09954_p0_b1_c0.jpg
3919,image_09954_p0_b1_c0.jpg,image_09954_p0_b0_c7.jpg
3920,image_09955_p0_b0_c7.jpg,image_09955_p0_b1_c7.jpg
3921,image_09955_p0_b1_c7.jpg,image_09955_p0_b0_c7.jpg
3922,image_09956_p0_b0_c7.jpg,image_09956_p0_b1_c0.jpg
3923,image_09956_p0_b1_c0.jpg,image_09956_p0_b0_c7.jpg
3924,image_09959_p0_b0_c7.jpg,image_09959_p0_b1_c0.jpg
3925,image_09959_p0_b1_c0.jpg,image_09959_p0_b0_c7.jpg
3926,image_09962_p0_b0_c7.jpg,image_09962_p0_b1_c0.jpg
3927,image_09962_p0_b1_c0.jpg,image_09962_p0_b0_c7.jpg
3928,image_09972_p0_b0_c7.jpg,image_09972_p0_b1_c0.jpg
3929,image_09972_p0_b1_c0.jpg,image_09972_p0_b0_c7.jpg
3930,image_09977_p0_b0_c7.jpg,image_09977_p0_b1_c0.jpg
3931,image_09977_p0_b1_c0.jpg,image_09977_p0_b0_c7.jpg
3932,image_09978_p0_b0_c0.jpg,image_09978_p0_b1_c7.jpg
3933,image_09978_p0_b1_c7.jpg,image_09978_p0_b0_c0.jpg
3934,image_09989_p0_b0_c7.jpg,image_09989_p0_b1_c0.jpg
3935,image_09989_p0_b1_c0.jpg,image_09989_p0_b0_c7.jpg
3936,image_09994_p0_b0_c7.jpg,image_09994_p0_b2_c0.jpg
3937,image_09994_p0_b2_c0.jpg,image_09994_p0_b0_c7.jpg
3938,image_10000_p0_b0_c7.jpg,image_10000_p0_b1_c0.jpg
3939,image_10000_p0_b1_c0.jpg,image_10000_p0_b0_c7.jpg
3940,image_10003_p0_b0_c7.jpg,image_10003_p0_b1_c0.jpg
3941,image_10003_p0_b1_c0.jpg,image_10003_p0_b0_c7.jpg
3942,image_10011_p0_b0_c7.jpg,image_10011_p0_b1_c0.jpg
3943,image_10011_p0_b1_c0.jpg,image_10011_p0_b0_c7.jpg
3944,image_10015_p0_b0_c7.jpg,image_10015_p0_b1_c0.jpg
3945,image_10015_p0_b1_c0.jpg,image_10015_p0_b0_c7.jpg
3946,image_10017_p0_b0_c7.jpg,image_10017_p0_b1_c0.jpg
3947,image_10017_p0_b1_c0.jpg,image_10017_p0_b0_c7.jpg
3948,image_10022_p0_b0_c7.jpg,image_10022_p0_b1_c0.jpg
3949,image_10022_p0_b1_c0.jpg,image_10022_p0_b0_c7.jpg
3950,image_10030_p0_b0_c7.jpg,image_10030_p0_b1_c0.jpg
3951,image_10030_p0_b1_c0.jpg,image_10030_p0_b0_c7.jpg
3952,image_10032_p0_b0_c7.jpg,image_10032_p0_b1_c0.jpg
3953,image_10032_p0_b1_c0.jpg,image_10032_p0_b0_c7.jpg
3954,image_10037_p0_b0_c7.jpg,image_10037_p0_b1_c0.jpg
3955,image_10037_p0_b1_c0.jpg,image_10037_p0_b0_c7.jpg
3956,image_10044_p0_b0_c7.jpg,image_10044_p0_b1_c0.jpg
3957,image_10044_p0_b1_c0.jpg,image_10044_p0_b0_c7.jpg
3958,image_10049_p0_b0_c7.jpg,image_10049_p0_b1_c0.jpg
3959,image_10049_p0_b1_c0.jpg,image_10049_p0_b0_c7.jpg
3960,image_10050_p0_b0_c7.jpg,image_10050_p0_b1_c0.jpg
3961,image_10050_p0_b1_c0.jpg,image_10050_p0_b0_c7.jpg
3962,image_10052_p0_b0_c7.jpg,image_10052_p0_b1_c0.jpg
3963,image_10052_p0_b1_c0.jpg,image_10052_p0_b0_c7.jpg
3964,image_10053_p0_b0_c7.jpg,image_10053_p0_b1_c0.jpg
3965,image_10053_p0_b1_c0.jpg,image_10053_p0_b0_c7.jpg
3966,image_10055_p0_b0_c7.jpg,image_10055_p0_b2_c0.jpg
3967,image_10055_p0_b2_c0.jpg,image_10055_p0_b0_c7.jpg
3968,image_10056_p0_b0_c7.jpg,image_10056_p0_b1_c0.jpg
3969,image_10056_p0_b1_c0.jpg,image_10056_p0_b0_c7.jpg
3970,image_10060_p0_b0_c7.jpg,image_10060_p0_b1_c0.jpg
3971,image_10060_p0_b1_c0.jpg,image_10060_p0_b0_c7.jpg
3972,image_10061_p0_b0_c7.jpg,image_10061_p0_b1_c6.jpg
3973,image_10061_p0_b1_c6.jpg,image_10061_p0_b0_c7.jpg
3974,image_10067_p0_b0_c7.jpg,image_10067_p0_b1_c0.jpg
3975,image_10067_p0_b1_c0.jpg,image_10067_p0_b0_c7.jpg
3976,image_10068_p0_b0_c7.jpg,image_10068_p0_b1_c0.jpg
3977,image_10068_p0_b1_c0.jpg,image_10068_p0_b0_c7.jpg
3978,image_10071_p0_b0_c7.jpg,image_10071_p0_b1_c0.jpg
3979,image_10071_p0_b1_c0.jpg,image_10071_p0_b0_c7.jpg
3980,image_10078_p0_b0_c7.jpg,image_10078_p0_b1_c0.jpg
3981,image_10078_p0_b1_c0.jpg,image_10078_p0_b0_c7.jpg
3982,image_10081_p0_b0_c7.jpg,image_10081_p0_b1_c0.jpg
3983,image_10081_p0_b1_c0.jpg,image_10081_p0_b0_c7.jpg
3984,image_10082_p0_b0_c7.jpg,image_10082_p0_b1_c0.jpg
3985,image_10082_p0_b1_c0.jpg,image_10082_p0_b0_c7.jpg
3986,image_10090_p0_b0_c7.jpg,image_10090_p0_b1_c0.jpg
3987,image_10090_p0_b1_c0.jpg,image_10090_p0_b0_c7.jpg
3988,image_10091_p0_b0_c0.jpg,image_10091_p0_b1_c8.jpg
3989,image_10091_p0_b1_c8.jpg,image_10091_p0_b0_c0.jpg
3990,image_10094_p1_b0_c7.jpg,image_10094_p1_b1_c0.jpg
3991,image_10094_p1_b1_c0.jpg,image_10094_p1_b0_c7.jpg
3992,image_10095_p0_b0_c7.jpg,image_10095_p0_b1_c0.jpg
3993,image_10095_p0_b1_c0.jpg,image_10095_p0_b0_c7.jpg
3994,image_10098_p0_b0_c7.jpg,image_10098_p0_b1_c0.jpg
3995,image_10098_p0_b1_c0.jpg,image_10098_p0_b0_c7.jpg
3996,image_10101_p0_b0_c7.jpg,image_10101_p0_b1_c0.jpg
3997,image_10101_p0_b1_c0.jpg,image_10101_p0_b0_c7.jpg
3998,image_10105_p0_b0_c0.jpg,image_10105_p0_b1_c7.jpg
3999,image_10105_p0_b1_c7.jpg,image_10105_p0_b0_c0.jpg
4000,image_10106_p0_b0_c7.jpg,image_10106_p0_b1_c0.jpg
4001,image_10106_p0_b1_c0.jpg,image_10106_p0_b0_c7.jpg
4002,image_10107_p0_b0_c6.jpg,image_10107_p0_b1_c1.jpg
4003,image_10107_p0_b1_c1.jpg,image_10107_p0_b0_c6.jpg
4004,image_10108_p0_b0_c7.jpg,image_10108_p0_b1_c0.jpg
4005,image_10108_p0_b1_c0.jpg,image_10108_p0_b0_c7.jpg
4006,image_10112_p0_b1_c0.jpg,image_10112_p1_b0_c7.jpg
4007,image_10112_p1_b0_c7.jpg,image_10112_p0_b1_c0.jpg
4008,image_10114_p0_b0_c7.jpg,image_10114_p0_b1_c11.jpg
4009,image_10114_p0_b1_c11.jpg,image_10114_p0_b0_c7.jpg
4010,image_10119_p0_b0_c7.jpg,image_10119_p0_b1_c0.jpg
4011,image_10119_p0_b1_c0.jpg,image_10119_p0_b0_c7.jpg
4012,image_10126_p0_b0_c7.jpg,image_10126_p0_b1_c0.jpg
4013,image_10126_p0_b1_c0.jpg,image_10126_p0_b0_c7.jpg
4014,image_10131_p0_b0_c7.jpg,image_10131_p0_b1_c0.jpg
4015,image_10131_p0_b1_c0.jpg,image_10131_p0_b0_c7.jpg
4016,image_10134_p0_b0_c7.jpg,image_10134_p0_b1_c0.jpg
4017,image_10134_p0_b1_c0.jpg,image_10134_p0_b0_c7.jpg
4018,image_10135_p0_b0_c7.jpg,image_10135_p0_b1_c0.jpg
4019,image_10135_p0_b1_c0.jpg,image_10135_p0_b0_c7.jpg
4020,image_10138_p0_b0_c7.jpg,image_10138_p0_b1_c0.jpg
4021,image_10138_p0_b1_c0.jpg,image_10138_p0_b0_c7.jpg
4022,image_10140_p0_b0_c7.jpg,image_10140_p0_b1_c0.jpg
4023,image_10140_p0_b1_c0.jpg,image_10140_p0_b0_c7.jpg
4024,image_10141_p0_b0_c6.jpg,image_10141_p0_b1_c0.jpg
4025,image_10141_p0_b1_c0.jpg,image_10141_p0_b0_c6.jpg
4026,image_10148_p0_b0_c7.jpg,image_10148_p0_b1_c0.jpg
4027,image_10148_p0_b1_c0.jpg,image_10148_p0_b0_c7.jpg
4028,image_10150_p0_b0_c8.jpg,image_10150_p0_b1_c0.jpg
4029,image_10150_p0_b1_c0.jpg,image_10150_p0_b0_c8.jpg
4030,image_10151_p0_b0_c7.jpg,image_10151_p0_b1_c0.jpg
4031,image_10151_p0_b1_c0.jpg,image_10151_p0_b0_c7.jpg
4032,image_10155_p0_b0_c8.jpg,image_10155_p0_b1_c0.jpg
4033,image_10155_p0_b1_c0.jpg,image_10155_p0_b0_c8.jpg
4034,image_10159_p0_b0_c7.jpg,image_10159_p0_b1_c0.jpg
4035,image_10159_p0_b1_c0.jpg,image_10159_p0_b0_c7.jpg
4036,image_10186_p0_b0_c7.jpg,image_10186_p0_b1_c0.jpg
4037,image_10186_p0_b1_c0.jpg,image_10186_p0_b0_c7.jpg
4038,image_10203_p0_b3_c0.jpg,image_10203_p1_b1_c7.jpg
4039,image_10203_p1_b1_c7.jpg,image_10203_p0_b3_c0.jpg
4040,image_10210_p0_b0_c7.jpg,image_10210_p0_b1_c0.jpg
4041,image_10210_p0_b1_c0.jpg,image_10210_p0_b0_c7.jpg
4042,image_10212_p0_b0_c7.jpg,image_10212_p0_b1_c0.jpg
4043,image_10212_p0_b1_c0.jpg,image_10212_p0_b0_c7.jpg
4044,image_10213_p0_b0_c7.jpg,image_10213_p0_b1_c0.jpg
4045,image_10213_p0_b1_c0.jpg,image_10213_p0_b0_c7.jpg
4046,image_10220_p0_b0_c7.jpg,image_10220_p0_b1_c0.jpg
4047,image_10220_p0_b1_c0.jpg,image_10220_p0_b0_c7.jpg
4048,image_10221_p0_b0_c7.jpg,image_10221_p0_b1_c0.jpg
4049,image_10221_p0_b1_c0.jpg,image_10221_p0_b0_c7.jpg
4050,image_10223_p0_b1_c0.jpg,image_10223_p0_b2_c7.jpg
4051,image_10223_p0_b2_c7.jpg,image_10223_p0_b1_c0.jpg
4052,image_10226_p0_b0_c7.jpg,image_10226_p0_b1_c0.jpg
4053,image_10226_p0_b1_c0.jpg,image_10226_p0_b0_c7.jpg
4054,image_10227_p0_b0_c7.jpg,image_10227_p0_b1_c0.jpg
4055,image_10227_p0_b1_c0.jpg,image_10227_p0_b0_c7.jpg
4056,image_10229_p0_b0_c7.jpg,image_10229_p0_b1_c0.jpg
4057,image_10229_p0_b1_c0.jpg,image_10229_p0_b0_c7.jpg
4058,image_10233_p0_b0_c7.jpg,image_10233_p0_b1_c0.jpg
4059,image_10233_p0_b1_c0.jpg,image_10233_p0_b0_c7.jpg
4060,image_10240_p0_b0_c7.jpg,image_10240_p0_b2_c0.jpg
4061,image_10240_p0_b2_c0.jpg,image_10240_p0_b0_c7.jpg
4062,image_10254_p0_b0_c7.jpg,image_10254_p0_b1_c0.jpg
4063,image_10254_p0_b1_c0.jpg,image_10254_p0_b0_c7.jpg
4064,image_10255_p0_b0_c7.jpg,image_10255_p0_b1_c0.jpg
4065,image_10255_p0_b1_c0.jpg,image_10255_p0_b0_c7.jpg
4066,image_10256_p0_b0_c7.jpg,image_10256_p0_b1_c0.jpg
4067,image_10256_p0_b1_c0.jpg,image_10256_p0_b0_c7.jpg
4068,image_10270_p0_b0_c0.jpg,image_10270_p0_b1_c7.jpg
4069,image_10270_p0_b1_c7.jpg,image_10270_p0_b0_c0.jpg
4070,image_10271_p0_b0_c7.jpg,image_10271_p0_b1_c0.jpg
4071,image_10271_p0_b1_c0.jpg,image_10271_p0_b0_c7.jpg
4072,image_10272_p0_b0_c6.jpg,image_10272_p0_b1_c0.jpg
4073,image_10272_p0_b1_c0.jpg,image_10272_p0_b0_c6.jpg
4074,image_10273_p0_b0_c7.jpg,image_10273_p0_b1_c0.jpg
4075,image_10273_p0_b1_c0.jpg,image_10273_p0_b0_c7.jpg
4076,image_10277_p0_b0_c7.jpg,image_10277_p0_b1_c0.jpg
4077,image_10277_p0_b1_c0.jpg,image_10277_p0_b0_c7.jpg
4078,image_10281_p0_b0_c7.jpg,image_10281_p0_b1_c0.jpg
4079,image_10281_p0_b1_c0.jpg,image_10281_p0_b0_c7.jpg
4080,image_10295_p0_b0_c6.jpg,image_10295_p0_b1_c0.jpg
4081,image_10295_p0_b1_c0.jpg,image_10295_p0_b0_c6.jpg
4082,image_10296_p0_b0_c7.jpg,image_10296_p0_b1_c0.jpg
4083,image_10296_p0_b1_c0.jpg,image_10296_p0_b0_c7.jpg
4084,image_10300_p0_b0_c7.jpg,image_10300_p0_b3_c0.jpg
4085,image_10300_p0_b3_c0.jpg,image_10300_p0_b0_c7.jpg
4086,image_10310_p0_b0_c7.jpg,image_10310_p0_b1_c0.jpg
4087,image_10310_p0_b1_c0.jpg,image_10310_p0_b0_c7.jpg
4088,image_10314_p0_b0_c7.jpg,image_10314_p0_b1_c0.jpg
4089,image_10314_p0_b1_c0.jpg,image_10314_p0_b0_c7.jpg
4090,image_10315_p0_b0_c7.jpg,image_10315_p0_b1_c0.jpg
4091,image_10315_p0_b1_c0.jpg,image_10315_p0_b0_c7.jpg
4092,image_10319_p0_b0_c7.jpg,image_10319_p0_b1_c0.jpg
4093,image_10319_p0_b1_c0.jpg,image_10319_p0_b0_c7.jpg
4094,image_10325_p0_b0_c7.jpg,image_10325_p0_b1_c0.jpg
4095,image_10325_p0_b1_c0.jpg,image_10325_p0_b0_c7.jpg
4096,image_10327_p0_b0_c7.jpg,image_10327_p0_b1_c0.jpg
4097,image_10327_p0_b1_c0.jpg,image_10327_p0_b0_c7.jpg
4098,image_10333_p0_b0_c7.jpg,image_10333_p0_b1_c0.jpg
4099,image_10333_p0_b1_c0.jpg,image_10333_p0_b0_c7.jpg
4100,image_10339_p0_b0_c7.jpg,image_10339_p0_b1_c0.jpg
4101,image_10339_p0_b1_c0.jpg,image_10339_p0_b0_c7.jpg
4102,image_10343_p0_b0_c7.jpg,image_10343_p0_b1_c0.jpg
4103,image_10343_p0_b1_c0.jpg,image_10343_p0_b0_c7.jpg
4104,image_10344_p0_b0_c7.jpg,image_10344_p0_b1_c0.jpg
4105,image_10344_p0_b1_c0.jpg,image_10344_p0_b0_c7.jpg
4106,image_10347_p1_b0_c7.jpg,image_10347_p1_b1_c0.jpg
4107,image_10347_p1_b1_c0.jpg,image_10347_p1_b0_c7.jpg
4108,image_10348_p0_b0_c7.jpg,image_10348_p0_b1_c0.jpg
4109,image_10348_p0_b1_c0.jpg,image_10348_p0_b0_c7.jpg
4110,image_10350_p0_b0_c7.jpg,image_10350_p0_b1_c0.jpg
4111,image_10350_p0_b1_c0.jpg,image_10350_p0_b0_c7.jpg
4112,image_10357_p0_b0_c7.jpg,image_10357_p0_b1_c0.jpg
4113,image_10357_p0_b1_c0.jpg,image_10357_p0_b0_c7.jpg
4114,image_10369_p0_b0_c7.jpg,image_10369_p0_b1_c0.jpg
4115,image_10369_p0_b1_c0.jpg,image_10369_p0_b0_c7.jpg
4116,image_10390_p0_b0_c7.jpg,image_10390_p0_b2_c0.jpg
4117,image_10390_p0_b2_c0.jpg,image_10390_p0_b0_c7.jpg
4118,image_10393_p0_b0_c7.jpg,image_10393_p0_b1_c0.jpg
4119,image_10393_p0_b1_c0.jpg,image_10393_p0_b0_c7.jpg
4120,image_10396_p0_b0_c7.jpg,image_10396_p0_b1_c0.jpg
4121,image_10396_p0_b1_c0.jpg,image_10396_p0_b0_c7.jpg
4122,image_10398_p0_b0_c7.jpg,image_10398_p0_b1_c0.jpg
4123,image_10398_p0_b1_c0.jpg,image_10398_p0_b0_c7.jpg
4124,image_10404_p0_b0_c7.jpg,image_10404_p0_b2_c1.jpg
4125,image_10404_p0_b2_c1.jpg,image_10404_p0_b0_c7.jpg
4126,image_10412_p0_b0_c0.jpg,image_10412_p0_b1_c8.jpg
4127,image_10412_p0_b1_c8.jpg,image_10412_p0_b0_c0.jpg
4128,image_10421_p0_b0_c6.jpg,image_10421_p0_b2_c0.jpg
4129,image_10421_p0_b2_c0.jpg,image_10421_p0_b0_c6.jpg
4130,image_10422_p0_b0_c7.jpg,image_10422_p0_b1_c0.jpg
4131,image_10422_p0_b1_c0.jpg,image_10422_p0_b0_c7.jpg
4132,image_10423_p0_b0_c7.jpg,image_10423_p0_b1_c0.jpg
4133,image_10423_p0_b1_c0.jpg,image_10423_p0_b0_c7.jpg
4134,image_10424_p0_b0_c7.jpg,image_10424_p0_b2_c0.jpg
4135,image_10424_p0_b2_c0.jpg,image_10424_p0_b0_c7.jpg
4136,image_10429_p0_b0_c7.jpg,image_10429_p0_b1_c0.jpg
4137,image_10429_p0_b1_c0.jpg,image_10429_p0_b0_c7.jpg
4138,image_10431_p0_b0_c7.jpg,image_10431_p0_b1_c0.jpg
4139,image_10431_p0_b1_c0.jpg,image_10431_p0_b0_c7.jpg
4140,image_10438_p0_b0_c7.jpg,image_10438_p0_b1_c0.jpg
4141,image_10438_p0_b1_c0.jpg,image_10438_p0_b0_c7.jpg
4142,image_10441_p0_b0_c7.jpg,image_10441_p0_b1_c0.jpg
4143,image_10441_p0_b1_c0.jpg,image_10441_p0_b0_c7.jpg
4144,image_10449_p0_b0_c7.jpg,image_10449_p0_b2_c0.jpg
4145,image_10449_p0_b2_c0.jpg,image_10449_p0_b0_c7.jpg
4146,image_10450_p0_b0_c7.jpg,image_10450_p0_b1_c0.jpg
4147,image_10450_p0_b1_c0.jpg,image_10450_p0_b0_c7.jpg
4148,image_10451_p0_b0_c7.jpg,image_10451_p0_b1_c0.jpg
4149,image_10451_p0_b1_c0.jpg,image_10451_p0_b0_c7.jpg
4150,image_10454_p0_b0_c7.jpg,image_10454_p0_b1_c8.jpg
4151,image_10454_p0_b1_c8.jpg,image_10454_p0_b0_c7.jpg
4152,image_10464_p0_b0_c7.jpg,image_10464_p0_b1_c0.jpg
4153,image_10464_p0_b1_c0.jpg,image_10464_p0_b0_c7.jpg
4154,image_10479_p0_b0_c7.jpg,image_10479_p0_b1_c0.jpg
4155,image_10479_p0_b1_c0.jpg,image_10479_p0_b0_c7.jpg
4156,image_10481_p0_b0_c7.jpg,image_10481_p0_b1_c0.jpg
4157,image_10481_p0_b1_c0.jpg,image_10481_p0_b0_c7.jpg
4158,image_10484_p0_b0_c7.jpg,image_10484_p0_b1_c0.jpg
4159,image_10484_p0_b1_c0.jpg,image_10484_p0_b0_c7.jpg
4160,image_10485_p0_b0_c7.jpg,image_10485_p0_b1_c0.jpg
4161,image_10485_p0_b1_c0.jpg,image_10485_p0_b0_c7.jpg
4162,image_10486_p0_b0_c7.jpg,image_10486_p0_b1_c0.jpg
4163,image_10486_p0_b1_c0.jpg,image_10486_p0_b0_c7.jpg
4164,image_10495_p0_b0_c7.jpg,image_10495_p0_b1_c0.jpg
4165,image_10495_p0_b1_c0.jpg,image_10495_p0_b0_c7.jpg
4166,image_10500_p0_b0_c7.jpg,image_10500_p0_b1_c0.jpg
4167,image_10500_p0_b1_c0.jpg,image_10500_p0_b0_c7.jpg
4168,image_10505_p0_b0_c7.jpg,image_10505_p0_b2_c0.jpg
4169,image_10505_p0_b2_c0.jpg,image_10505_p0_b0_c7.jpg
4170,image_10515_p0_b0_c7.jpg,image_10515_p0_b1_c0.jpg
4171,image_10515_p0_b1_c0.jpg,image_10515_p0_b0_c7.jpg
4172,image_10519_p0_b0_c6.jpg,image_10519_p0_b1_c0.jpg
4173,image_10519_p0_b1_c0.jpg,image_10519_p0_b0_c6.jpg
4174,image_10520_p0_b0_c0.jpg,image_10520_p0_b2_c7.jpg
4175,image_10520_p0_b2_c7.jpg,image_10520_p0_b0_c0.jpg
4176,image_10522_p0_b0_c7.jpg,image_10522_p0_b1_c0.jpg
4177,image_10522_p0_b1_c0.jpg,image_10522_p0_b0_c7.jpg
4178,image_10526_p0_b0_c7.jpg,image_10526_p0_b1_c0.jpg
4179,image_10526_p0_b1_c0.jpg,image_10526_p0_b0_c7.jpg
4180,image_10533_p0_b0_c7.jpg,image_10533_p0_b1_c0.jpg
4181,image_10533_p0_b1_c0.jpg,image_10533_p0_b0_c7.jpg
4182,image_10538_p0_b0_c7.jpg,image_10538_p0_b1_c0.jpg
4183,image_10538_p0_b1_c0.jpg,image_10538_p0_b0_c7.jpg
4184,image_10539_p0_b0_c7.jpg,image_10539_p0_b1_c0.jpg
4185,image_10539_p0_b1_c0.jpg,image_10539_p0_b0_c7.jpg
4186,image_10542_p0_b0_c7.jpg,image_10542_p0_b1_c0.jpg
4187,image_10542_p0_b1_c0.jpg,image_10542_p0_b0_c7.jpg
4188,image_10545_p0_b0_c0.jpg,image_10545_p0_b1_c7.jpg
4189,image_10545_p0_b1_c7.jpg,image_10545_p0_b0_c0.jpg
4190,image_10548_p0_b0_c7.jpg,image_10548_p0_b1_c0.jpg
4191,image_10548_p0_b1_c0.jpg,image_10548_p0_b0_c7.jpg
4192,image_10550_p0_b0_c7.jpg,image_10550_p0_b1_c0.jpg
4193,image_10550_p0_b1_c0.jpg,image_10550_p0_b0_c7.jpg
4194,image_10555_p0_b0_c7.jpg,image_10555_p0_b1_c0.jpg
4195,image_10555_p0_b1_c0.jpg,image_10555_p0_b0_c7.jpg
4196,image_10556_p0_b0_c7.jpg,image_10556_p0_b1_c0.jpg
4197,image_10556_p0_b1_c0.jpg,image_10556_p0_b0_c7.jpg
4198,image_10557_p0_b0_c7.jpg,image_10557_p0_b1_c0.jpg
4199,image_10557_p0_b1_c0.jpg,image_10557_p0_b0_c7.jpg
4200,image_10558_p0_b1_c7.jpg,image_10558_p0_b2_c0.jpg
4201,image_10558_p0_b2_c0.jpg,image_10558_p0_b1_c7.jpg
4202,image_10561_p0_b0_c7.jpg,image_10561_p0_b1_c0.jpg
4203,image_10561_p0_b1_c0.jpg,image_10561_p0_b0_c7.jpg
4204,image_10564_p0_b0_c7.jpg,image_10564_p0_b1_c0.jpg
4205,image_10564_p0_b1_c0.jpg,image_10564_p0_b0_c7.jpg
4206,image_10574_p0_b0_c7.jpg,image_10574_p0_b1_c0.jpg
4207,image_10574_p0_b1_c0.jpg,image_10574_p0_b0_c7.jpg
4208,image_10576_p0_b0_c6.jpg,image_10576_p0_b1_c0.jpg
4209,image_10576_p0_b1_c0.jpg,image_10576_p0_b0_c6.jpg
4210,image_10578_p0_b0_c7.jpg,image_10578_p0_b1_c0.jpg
4211,image_10578_p0_b1_c0.jpg,image_10578_p0_b0_c7.jpg
4212,image_10580_p0_b0_c7.jpg,image_10580_p0_b1_c0.jpg
4213,image_10580_p0_b1_c0.jpg,image_10580_p0_b0_c7.jpg
4214,image_10595_p0_b0_c7.jpg,image_10595_p0_b1_c0.jpg
4215,image_10595_p0_b1_c0.jpg,image_10595_p0_b0_c7.jpg
4216,image_10599_p0_b1_c7.jpg,image_10599_p0_b2_c0.jpg
4217,image_10599_p0_b2_c0.jpg,image_10599_p0_b1_c7.jpg
4218,image_10601_p0_b0_c7.jpg,image_10601_p0_b1_c0.jpg
4219,image_10601_p0_b1_c0.jpg,image_10601_p0_b0_c7.jpg
4220,image_10605_p0_b0_c6.jpg,image_10605_p0_b1_c0.jpg
4221,image_10605_p0_b1_c0.jpg,image_10605_p0_b0_c6.jpg
4222,image_10608_p0_b0_c7.jpg,image_10608_p0_b1_c0.jpg
4223,image_10608_p0_b1_c0.jpg,image_10608_p0_b0_c7.jpg
4224,image_10609_p0_b1_c0.jpg,image_10609_p0_b2_c8.jpg
4225,image_10609_p0_b2_c8.jpg,image_10609_p0_b1_c0.jpg
4226,image_10618_p0_b0_c7.jpg,image_10618_p0_b1_c0.jpg
4227,image_10618_p0_b1_c0.jpg,image_10618_p0_b0_c7.jpg
4228,image_10625_p1_b0_c7.jpg,image_10625_p1_b1_c0.jpg
4229,image_10625_p1_b1_c0.jpg,image_10625_p1_b0_c7.jpg
4230,image_10640_p0_b0_c0.jpg,image_10640_p0_b1_c7.jpg
4231,image_10640_p0_b1_c7.jpg,image_10640_p0_b0_c0.jpg
4232,image_10642_p0_b0_c7.jpg,image_10642_p0_b1_c0.jpg
4233,image_10642_p0_b1_c0.jpg,image_10642_p0_b0_c7.jpg
4234,image_10645_p0_b0_c7.jpg,image_10645_p0_b1_c0.jpg
4235,image_10645_p0_b1_c0.jpg,image_10645_p0_b0_c7.jpg
4236,image_10648_p0_b0_c7.jpg,image_10648_p0_b1_c0.jpg
4237,image_10648_p0_b1_c0.jpg,image_10648_p0_b0_c7.jpg
4238,image_10656_p0_b0_c0.jpg,image_10656_p0_b1_c7.jpg
4239,image_10656_p0_b1_c7.jpg,image_10656_p0_b0_c0.jpg
4240,image_10660_p0_b0_c7.jpg,image_10660_p0_b1_c0.jpg
4241,image_10660_p0_b1_c0.jpg,image_10660_p0_b0_c7.jpg
4242,image_10662_p0_b0_c7.jpg,image_10662_p0_b1_c0.jpg
4243,image_10662_p0_b1_c0.jpg,image_10662_p0_b0_c7.jpg
4244,image_10668_p0_b0_c7.jpg,image_10668_p0_b1_c0.jpg
4245,image_10668_p0_b1_c0.jpg,image_10668_p0_b0_c7.jpg
4246,image_10670_p0_b0_c7.jpg,image_10670_p0_b2_c0.jpg
4247,image_10670_p0_b2_c0.jpg,image_10670_p0_b0_c7.jpg
4248,image_10672_p0_b0_c7.jpg,image_10672_p0_b1_c0.jpg
4249,image_10672_p0_b1_c0.jpg,image_10672_p0_b0_c7.jpg
4250,image_10681_p0_b0_c7.jpg,image_10681_p0_b1_c0.jpg
4251,image_10681_p0_b1_c0.jpg,image_10681_p0_b0_c7.jpg
4252,image_10688_p0_b0_c7.jpg,image_10688_p0_b1_c0.jpg
4253,image_10688_p0_b1_c0.jpg,image_10688_p0_b0_c7.jpg
4254,image_10689_p1_b0_c7.jpg,image_10689_p1_b1_c0.jpg
4255,image_10689_p1_b1_c0.jpg,image_10689_p1_b0_c7.jpg
4256,image_10689_p2_b0_c7.jpg,image_10689_p2_b1_c0.jpg
4257,image_10689_p2_b1_c0.jpg,image_10689_p2_b0_c7.jpg
4258,image_10690_p0_b0_c8.jpg,image_10690_p0_b1_c0.jpg
4259,image_10690_p0_b1_c0.jpg,image_10690_p0_b0_c8.jpg
4260,image_10691_p0_b0_c0.jpg,image_10691_p0_b1_c8.jpg
4261,image_10691_p0_b1_c8.jpg,image_10691_p0_b0_c0.jpg
4262,image_10694_p1_b0_c7.jpg,image_10694_p1_b1_c0.jpg
4263,image_10694_p1_b1_c0.jpg,image_10694_p1_b0_c7.jpg
4264,image_10699_p0_b0_c7.jpg,image_10699_p0_b1_c0.jpg
4265,image_10699_p0_b1_c0.jpg,image_10699_p0_b0_c7.jpg
4266,image_10701_p0_b0_c7.jpg,image_10701_p0_b1_c0.jpg
4267,image_10701_p0_b1_c0.jpg,image_10701_p0_b0_c7.jpg
4268,image_10702_p0_b0_c7.jpg,image_10702_p0_b1_c0.jpg
4269,image_10702_p0_b1_c0.jpg,image_10702_p0_b0_c7.jpg
4270,image_10704_p0_b0_c7.jpg,image_10704_p0_b1_c0.jpg
4271,image_10704_p0_b1_c0.jpg,image_10704_p0_b0_c7.jpg
4272,image_10704_p1_b0_c7.jpg,image_10704_p1_b1_c0.jpg
4273,image_10704_p1_b1_c0.jpg,image_10704_p1_b0_c7.jpg
4274,image_10707_p0_b0_c7.jpg,image_10707_p0_b1_c0.jpg
4275,image_10707_p0_b1_c0.jpg,image_10707_p0_b0_c7.jpg
4276,image_10724_p0_b0_c6.jpg,image_10724_p0_b1_c0.jpg
4277,image_10724_p0_b1_c0.jpg,image_10724_p0_b0_c6.jpg
4278,image_10730_p0_b0_c7.jpg,image_10730_p0_b1_c0.jpg
4279,image_10730_p0_b1_c0.jpg,image_10730_p0_b0_c7.jpg
4280,image_10736_p0_b0_c7.jpg,image_10736_p0_b1_c0.jpg
4281,image_10736_p0_b1_c0.jpg,image_10736_p0_b0_c7.jpg
4282,image_10740_p0_b0_c7.jpg,image_10740_p0_b1_c0.jpg
4283,image_10740_p0_b1_c0.jpg,image_10740_p0_b0_c7.jpg
4284,image_10755_p0_b0_c7.jpg,image_10755_p0_b1_c0.jpg
4285,image_10755_p0_b1_c0.jpg,image_10755_p0_b0_c7.jpg
4286,image_10756_p0_b0_c7.jpg,image_10756_p0_b1_c0.jpg
4287,image_10756_p0_b1_c0.jpg,image_10756_p0_b0_c7.jpg
4288,image_10758_p0_b0_c7.jpg,image_10758_p0_b2_c0.jpg
4289,image_10758_p0_b2_c0.jpg,image_10758_p0_b0_c7.jpg
4290,image_10761_p1_b1_c6.jpg,image_10761_p1_b2_c0.jpg
4291,image_10761_p1_b2_c0.jpg,image_10761_p1_b1_c6.jpg
4292,image_10761_p2_b0_c7.jpg,image_10761_p2_b3_c0.jpg
4293,image_10761_p2_b3_c0.jpg,image_10761_p2_b0_c7.jpg
4294,image_10765_p0_b0_c7.jpg,image_10765_p0_b1_c0.jpg
4295,image_10765_p0_b1_c0.jpg,image_10765_p0_b0_c7.jpg
4296,image_10767_p0_b0_c7.jpg,image_10767_p0_b1_c0.jpg
4297,image_10767_p0_b1_c0.jpg,image_10767_p0_b0_c7.jpg
4298,image_10769_p0_b0_c7.jpg,image_10769_p0_b1_c0.jpg
4299,image_10769_p0_b1_c0.jpg,image_10769_p0_b0_c7.jpg
4300,image_10772_p0_b0_c7.jpg,image_10772_p0_b1_c0.jpg
4301,image_10772_p0_b1_c0.jpg,image_10772_p0_b0_c7.jpg
4302,image_10782_p0_b0_c0.jpg,image_10782_p0_b1_c7.jpg
4303,image_10782_p0_b1_c7.jpg,image_10782_p0_b0_c0.jpg
4304,image_10783_p0_b0_c7.jpg,image_10783_p0_b1_c0.jpg
4305,image_10783_p0_b1_c0.jpg,image_10783_p0_b0_c7.jpg
4306,image_10788_p0_b0_c7.jpg,image_10788_p0_b2_c0.jpg
4307,image_10788_p0_b2_c0.jpg,image_10788_p0_b0_c7.jpg
4308,image_10789_p0_b0_c7.jpg,image_10789_p0_b1_c0.jpg
4309,image_10789_p0_b1_c0.jpg,image_10789_p0_b0_c7.jpg
4310,image_10792_p0_b0_c8.jpg,image_10792_p0_b1_c0.jpg
4311,image_10792_p0_b1_c0.jpg,image_10792_p0_b0_c8.jpg
4312,image_10794_p0_b0_c7.jpg,image_10794_p0_b1_c0.jpg
4313,image_10794_p0_b1_c0.jpg,image_10794_p0_b0_c7.jpg
4314,image_10796_p0_b0_c7.jpg,image_10796_p0_b1_c0.jpg
4315,image_10796_p0_b1_c0.jpg,image_10796_p0_b0_c7.jpg
4316,image_10800_p0_b0_c6.jpg,image_10800_p0_b1_c0.jpg
4317,image_10800_p0_b1_c0.jpg,image_10800_p0_b0_c6.jpg
4318,image_10801_p0_b0_c7.jpg,image_10801_p0_b1_c0.jpg
4319,image_10801_p0_b1_c0.jpg,image_10801_p0_b0_c7.jpg
4320,image_10807_p0_b0_c7.jpg,image_10807_p0_b1_c0.jpg
4321,image_10807_p0_b1_c0.jpg,image_10807_p0_b0_c7.jpg
4322,image_10809_p0_b0_c7.jpg,image_10809_p0_b1_c0.jpg
4323,image_10809_p0_b1_c0.jpg,image_10809_p0_b0_c7.jpg
4324,image_10813_p0_b0_c7.jpg,image_10813_p0_b1_c0.jpg
4325,image_10813_p0_b1_c0.jpg,image_10813_p0_b0_c7.jpg
4326,image_10816_p0_b0_c7.jpg,image_10816_p0_b1_c0.jpg
4327,image_10816_p0_b1_c0.jpg,image_10816_p0_b0_c7.jpg
4328,image_10817_p0_b0_c0.jpg,image_10817_p0_b1_c7.jpg
4329,image_10817_p0_b1_c7.jpg,image_10817_p0_b0_c0.jpg
4330,image_10823_p0_b0_c7.jpg,image_10823_p0_b1_c0.jpg
4331,image_10823_p0_b1_c0.jpg,image_10823_p0_b0_c7.jpg
4332,image_10835_p0_b0_c7.jpg,image_10835_p0_b1_c0.jpg
4333,image_10835_p0_b1_c0.jpg,image_10835_p0_b0_c7.jpg
4334,image_10843_p0_b0_c7.jpg,image_10843_p0_b1_c0.jpg
4335,image_10843_p0_b1_c0.jpg,image_10843_p0_b0_c7.jpg
4336,image_10845_p0_b0_c7.jpg,image_10845_p0_b1_c0.jpg
4337,image_10845_p0_b1_c0.jpg,image_10845_p0_b0_c7.jpg
4338,image_10847_p0_b0_c7.jpg,image_10847_p0_b1_c0.jpg
4339,image_10847_p0_b1_c0.jpg,image_10847_p0_b0_c7.jpg
4340,image_10849_p0_b0_c7.jpg,image_10849_p0_b1_c0.jpg
4341,image_10849_p0_b1_c0.jpg,image_10849_p0_b0_c7.jpg
4342,image_10854_p0_b0_c7.jpg,image_10854_p0_b1_c0.jpg
4343,image_10854_p0_b1_c0.jpg,image_10854_p0_b0_c7.jpg
4344,image_10878_p0_b0_c7.jpg,image_10878_p0_b2_c0.jpg
4345,image_10878_p0_b2_c0.jpg,image_10878_p0_b0_c7.jpg
4346,image_10879_p0_b0_c7.jpg,image_10879_p0_b1_c0.jpg
4347,image_10879_p0_b1_c0.jpg,image_10879_p0_b0_c7.jpg
4348,image_10893_p0_b0_c7.jpg,image_10893_p0_b1_c0.jpg
4349,image_10893_p0_b1_c0.jpg,image_10893_p0_b0_c7.jpg
4350,image_10894_p0_b0_c7.jpg,image_10894_p0_b1_c0.jpg
4351,image_10894_p0_b1_c0.jpg,image_10894_p0_b0_c7.jpg
4352,image_10897_p0_b0_c7.jpg,image_10897_p0_b1_c0.jpg
4353,image_10897_p0_b1_c0.jpg,image_10897_p0_b0_c7.jpg
4354,image_10901_p0_b1_c7.jpg,image_10901_p0_b2_c0.jpg
4355,image_10901_p0_b2_c0.jpg,image_10901_p0_b1_c7.jpg
4356,image_10902_p0_b0_c6.jpg,image_10902_p0_b2_c0.jpg
4357,image_10902_p0_b2_c0.jpg,image_10902_p0_b0_c6.jpg
4358,image_10905_p0_b1_c6.jpg,image_10905_p0_b2_c0.jpg
4359,image_10905_p0_b2_c0.jpg,image_10905_p0_b1_c6.jpg
4360,image_10907_p0_b0_c7.jpg,image_10907_p0_b1_c0.jpg
4361,image_10907_p0_b1_c0.jpg,image_10907_p0_b0_c7.jpg
4362,image_10908_p0_b0_c7.jpg,image_10908_p0_b1_c0.jpg
4363,image_10908_p0_b1_c0.jpg,image_10908_p0_b0_c7.jpg
4364,image_10914_p0_b0_c7.jpg,image_10914_p0_b1_c0.jpg
4365,image_10914_p0_b1_c0.jpg,image_10914_p0_b0_c7.jpg
4366,image_10915_p0_b0_c7.jpg,image_10915_p0_b1_c0.jpg
4367,image_10915_p0_b1_c0.jpg,image_10915_p0_b0_c7.jpg
4368,image_10916_p0_b0_c7.jpg,image_10916_p0_b1_c0.jpg
4369,image_10916_p0_b1_c0.jpg,image_10916_p0_b0_c7.jpg
4370,image_10917_p0_b0_c7.jpg,image_10917_p0_b1_c0.jpg
4371,image_10917_p0_b1_c0.jpg,image_10917_p0_b0_c7.jpg
4372,image_10918_p0_b0_c7.jpg,image_10918_p0_b1_c0.jpg
4373,image_10918_p0_b1_c0.jpg,image_10918_p0_b0_c7.jpg
4374,image_10928_p0_b0_c7.jpg,image_10928_p0_b1_c0.jpg
4375,image_10928_p0_b1_c0.jpg,image_10928_p0_b0_c7.jpg
4376,image_10929_p0_b0_c7.jpg,image_10929_p0_b1_c0.jpg
4377,image_10929_p0_b1_c0.jpg,image_10929_p0_b0_c7.jpg
4378,image_10930_p0_b0_c7.jpg,image_10930_p0_b2_c0.jpg
4379,image_10930_p0_b2_c0.jpg,image_10930_p0_b0_c7.jpg
4380,image_10932_p0_b0_c7.jpg,image_10932_p0_b1_c0.jpg
4381,image_10932_p0_b1_c0.jpg,image_10932_p0_b0_c7.jpg
4382,image_10937_p0_b0_c7.jpg,image_10937_p0_b1_c0.jpg
4383,image_10937_p0_b1_c0.jpg,image_10937_p0_b0_c7.jpg
4384,image_10944_p0_b0_c7.jpg,image_10944_p0_b1_c0.jpg
4385,image_10944_p0_b1_c0.jpg,image_10944_p0_b0_c7.jpg
4386,image_10946_p0_b0_c7.jpg,image_10946_p0_b2_c0.jpg
4387,image_10946_p0_b2_c0.jpg,image_10946_p0_b0_c7.jpg
4388,image_10959_p0_b0_c0.jpg,image_10959_p0_b1_c7.jpg
4389,image_10959_p0_b1_c7.jpg,image_10959_p0_b0_c0.jpg
4390,image_10963_p0_b0_c7.jpg,image_10963_p0_b1_c0.jpg
4391,image_10963_p0_b1_c0.jpg,image_10963_p0_b0_c7.jpg
4392,image_10973_p0_b0_c7.jpg,image_10973_p0_b2_c0.jpg
4393,image_10973_p0_b2_c0.jpg,image_10973_p0_b0_c7.jpg
4394,image_10975_p0_b0_c0.jpg,image_10975_p0_b1_c6.jpg
4395,image_10975_p0_b1_c6.jpg,image_10975_p0_b0_c0.jpg
4396,image_10981_p0_b0_c7.jpg,image_10981_p0_b1_c0.jpg
4397,image_10981_p0_b1_c0.jpg,image_10981_p0_b0_c7.jpg
4398,image_10986_p0_b0_c7.jpg,image_10986_p0_b1_c0.jpg
4399,image_10986_p0_b1_c0.jpg,image_10986_p0_b0_c7.jpg
4400,image_10988_p0_b0_c7.jpg,image_10988_p0_b1_c0.jpg
4401,image_10988_p0_b1_c0.jpg,image_10988_p0_b0_c7.jpg
4402,image_10990_p0_b0_c7.jpg,image_10990_p0_b1_c0.jpg
4403,image_10990_p0_b1_c0.jpg,image_10990_p0_b0_c7.jpg
4404,image_10991_p0_b0_c7.jpg,image_10991_p0_b1_c0.jpg
4405,image_10991_p0_b1_c0.jpg,image_10991_p0_b0_c7.jpg
4406,image_11005_p0_b0_c7.jpg,image_11005_p0_b1_c0.jpg
4407,image_11005_p0_b1_c0.jpg,image_11005_p0_b0_c7.jpg
4408,image_11005_p1_b0_c7.jpg,image_11005_p1_b1_c0.jpg
4409,image_11005_p1_b1_c0.jpg,image_11005_p1_b0_c7.jpg
4410,image_11015_p0_b0_c7.jpg,image_11015_p0_b1_c0.jpg
4411,image_11015_p0_b1_c0.jpg,image_11015_p0_b0_c7.jpg
4412,image_11017_p0_b0_c7.jpg,image_11017_p0_b1_c0.jpg
4413,image_11017_p0_b1_c0.jpg,image_11017_p0_b0_c7.jpg
4414,image_11027_p0_b0_c7.jpg,image_11027_p0_b2_c0.jpg
4415,image_11027_p0_b2_c0.jpg,image_11027_p0_b0_c7.jpg
4416,image_11029_p0_b0_c7.jpg,image_11029_p0_b1_c0.jpg
4417,image_11029_p0_b1_c0.jpg,image_11029_p0_b0_c7.jpg
4418,image_11030_p0_b0_c7.jpg,image_11030_p0_b1_c0.jpg
4419,image_11030_p0_b1_c0.jpg,image_11030_p0_b0_c7.jpg
4420,image_11037_p0_b0_c7.jpg,image_11037_p0_b1_c0.jpg
4421,image_11037_p0_b1_c0.jpg,image_11037_p0_b0_c7.jpg
4422,image_11049_p0_b0_c7.jpg,image_11049_p0_b1_c0.jpg
4423,image_11049_p0_b1_c0.jpg,image_11049_p0_b0_c7.jpg
4424,image_11051_p0_b0_c7.jpg,image_11051_p0_b2_c0.jpg
4425,image_11051_p0_b2_c0.jpg,image_11051_p0_b0_c7.jpg
4426,image_11055_p0_b0_c7.jpg,image_11055_p0_b1_c0.jpg
4427,image_11055_p0_b1_c0.jpg,image_11055_p0_b0_c7.jpg
4428,image_11061_p0_b0_c7.jpg,image_11061_p0_b1_c0.jpg
4429,image_11061_p0_b1_c0.jpg,image_11061_p0_b0_c7.jpg
4430,image_11064_p0_b0_c8.jpg,image_11064_p0_b1_c0.jpg
4431,image_11064_p0_b1_c0.jpg,image_11064_p0_b0_c8.jpg
4432,image_11066_p0_b0_c7.jpg,image_11066_p0_b1_c0.jpg
4433,image_11066_p0_b1_c0.jpg,image_11066_p0_b0_c7.jpg
4434,image_11068_p0_b0_c0.jpg,image_11068_p0_b1_c7.jpg
4435,image_11068_p0_b1_c7.jpg,image_11068_p0_b0_c0.jpg
4436,image_11069_p0_b0_c7.jpg,image_11069_p0_b1_c0.jpg
4437,image_11069_p0_b1_c0.jpg,image_11069_p0_b0_c7.jpg
4438,image_11075_p0_b0_c7.jpg,image_11075_p0_b1_c0.jpg
4439,image_11075_p0_b1_c0.jpg,image_11075_p0_b0_c7.jpg
4440,image_11080_p0_b0_c0.jpg,image_11080_p0_b1_c7.jpg
4441,image_11080_p0_b1_c7.jpg,image_11080_p0_b0_c0.jpg
4442,image_11080_p1_b0_c7.jpg,image_11080_p1_b1_c0.jpg
4443,image_11080_p1_b1_c0.jpg,image_11080_p1_b0_c7.jpg
4444,image_11086_p0_b0_c7.jpg,image_11086_p0_b1_c0.jpg
4445,image_11086_p0_b1_c0.jpg,image_11086_p0_b0_c7.jpg
4446,image_11094_p0_b0_c7.jpg,image_11094_p0_b1_c0.jpg
4447,image_11094_p0_b1_c0.jpg,image_11094_p0_b0_c7.jpg
4448,image_11098_p0_b0_c7.jpg,image_11098_p0_b1_c0.jpg
4449,image_11098_p0_b1_c0.jpg,image_11098_p0_b0_c7.jpg
4450,image_11100_p0_b0_c7.jpg,image_11100_p0_b1_c0.jpg
4451,image_11100_p0_b1_c0.jpg,image_11100_p0_b0_c7.jpg
4452,image_11101_p0_b0_c7.jpg,image_11101_p0_b1_c0.jpg
4453,image_11101_p0_b1_c0.jpg,image_11101_p0_b0_c7.jpg
4454,image_11109_p0_b0_c7.jpg,image_11109_p0_b1_c0.jpg
4455,image_11109_p0_b1_c0.jpg,image_11109_p0_b0_c7.jpg
4456,image_11112_p0_b1_c7.jpg,image_11112_p0_b2_c0.jpg
4457,image_11112_p0_b2_c0.jpg,image_11112_p0_b1_c7.jpg
4458,image_11115_p0_b0_c7.jpg,image_11115_p0_b2_c0.jpg
4459,image_11115_p0_b2_c0.jpg,image_11115_p0_b0_c7.jpg
4460,image_11123_p0_b0_c7.jpg,image_11123_p0_b1_c0.jpg
4461,image_11123_p0_b1_c0.jpg,image_11123_p0_b0_c7.jpg
4462,image_11124_p0_b0_c7.jpg,image_11124_p0_b1_c0.jpg
4463,image_11124_p0_b1_c0.jpg,image_11124_p0_b0_c7.jpg
4464,image_11127_p0_b0_c0.jpg,image_11127_p0_b1_c7.jpg
4465,image_11127_p0_b1_c7.jpg,image_11127_p0_b0_c0.jpg
4466,image_11133_p0_b0_c7.jpg,image_11133_p0_b1_c0.jpg
4467,image_11133_p0_b1_c0.jpg,image_11133_p0_b0_c7.jpg
4468,image_11134_p0_b0_c7.jpg,image_11134_p0_b1_c0.jpg
4469,image_11134_p0_b1_c0.jpg,image_11134_p0_b0_c7.jpg
4470,image_11139_p0_b1_c7.jpg,image_11139_p0_b2_c0.jpg
4471,image_11139_p0_b2_c0.jpg,image_11139_p0_b1_c7.jpg
4472,image_11140_p0_b0_c7.jpg,image_11140_p0_b1_c0.jpg
4473,image_11140_p0_b1_c0.jpg,image_11140_p0_b0_c7.jpg
4474,image_11159_p0_b0_c7.jpg,image_11159_p0_b2_c0.jpg
4475,image_11159_p0_b2_c0.jpg,image_11159_p0_b0_c7.jpg
4476,image_11163_p0_b0_c7.jpg,image_11163_p0_b1_c0.jpg
4477,image_11163_p0_b1_c0.jpg,image_11163_p0_b0_c7.jpg
4478,image_11168_p0_b0_c7.jpg,image_11168_p0_b1_c0.jpg
4479,image_11168_p0_b1_c0.jpg,image_11168_p0_b0_c7.jpg
4480,image_11169_p0_b0_c7.jpg,image_11169_p0_b2_c0.jpg
4481,image_11169_p0_b2_c0.jpg,image_11169_p0_b0_c7.jpg
4482,image_11182_p0_b0_c8.jpg,image_11182_p0_b1_c0.jpg
4483,image_11182_p0_b1_c0.jpg,image_11182_p0_b0_c8.jpg
4484,image_11185_p0_b0_c7.jpg,image_11185_p0_b1_c0.jpg
4485,image_11185_p0_b1_c0.jpg,image_11185_p0_b0_c7.jpg
4486,image_11190_p0_b0_c7.jpg,image_11190_p0_b1_c0.jpg
4487,image_11190_p0_b1_c0.jpg,image_11190_p0_b0_c7.jpg
4488,image_11191_p0_b0_c7.jpg,image_11191_p0_b1_c0.jpg
4489,image_11191_p0_b1_c0.jpg,image_11191_p0_b0_c7.jpg
4490,image_11209_p0_b0_c7.jpg,image_11209_p0_b1_c0.jpg
4491,image_11209_p0_b1_c0.jpg,image_11209_p0_b0_c7.jpg
4492,image_11211_p0_b0_c7.jpg,image_11211_p0_b1_c0.jpg
4493,image_11211_p0_b1_c0.jpg,image_11211_p0_b0_c7.jpg
4494,image_11212_p0_b0_c8.jpg,image_11212_p0_b1_c0.jpg
4495,image_11212_p0_b1_c0.jpg,image_11212_p0_b0_c8.jpg
4496,image_11213_p0_b0_c7.jpg,image_11213_p0_b1_c0.jpg
4497,image_11213_p0_b1_c0.jpg,image_11213_p0_b0_c7.jpg
4498,image_11222_p0_b0_c6.jpg,image_11222_p0_b1_c0.jpg
4499,image_11222_p0_b1_c0.jpg,image_11222_p0_b0_c6.jpg
4500,image_11226_p0_b0_c7.jpg,image_11226_p0_b1_c8.jpg
4501,image_11226_p0_b1_c8.jpg,image_11226_p0_b0_c7.jpg
4502,image_11227_p0_b0_c0.jpg,image_11227_p0_b1_c8.jpg
4503,image_11227_p0_b1_c8.jpg,image_11227_p0_b0_c0.jpg
4504,image_11228_p0_b0_c7.jpg,image_11228_p0_b1_c0.jpg
4505,image_11228_p0_b1_c0.jpg,image_11228_p0_b0_c7.jpg
4506,image_11230_p0_b0_c7.jpg,image_11230_p0_b1_c0.jpg
4507,image_11230_p0_b1_c0.jpg,image_11230_p0_b0_c7.jpg
4508,image_11233_p0_b0_c7.jpg,image_11233_p0_b2_c0.jpg
4509,image_11233_p0_b2_c0.jpg,image_11233_p0_b0_c7.jpg
4510,image_11240_p0_b0_c7.jpg,image_11240_p0_b1_c0.jpg
4511,image_11240_p0_b1_c0.jpg,image_11240_p0_b0_c7.jpg
4512,image_11244_p0_b0_c7.jpg,image_11244_p0_b1_c0.jpg
4513,image_11244_p0_b1_c0.jpg,image_11244_p0_b0_c7.jpg
4514,image_11247_p0_b0_c7.jpg,image_11247_p0_b1_c0.jpg
4515,image_11247_p0_b1_c0.jpg,image_11247_p0_b0_c7.jpg
4516,image_11248_p0_b0_c7.jpg,image_11248_p0_b1_c0.jpg
4517,image_11248_p0_b1_c0.jpg,image_11248_p0_b0_c7.jpg
4518,image_11252_p0_b0_c7.jpg,image_11252_p0_b1_c0.jpg
4519,image_11252_p0_b1_c0.jpg,image_11252_p0_b0_c7.jpg
4520,image_11262_p0_b0_c7.jpg,image_11262_p0_b1_c0.jpg
4521,image_11262_p0_b1_c0.jpg,image_11262_p0_b0_c7.jpg
4522,image_11263_p0_b0_c7.jpg,image_11263_p0_b1_c0.jpg
4523,image_11263_p0_b1_c0.jpg,image_11263_p0_b0_c7.jpg
4524,image_11266_p0_b0_c7.jpg,image_11266_p0_b1_c0.jpg
4525,image_11266_p0_b1_c0.jpg,image_11266_p0_b0_c7.jpg
4526,image_11276_p0_b2_c7.jpg,image_11276_p0_b3_c0.jpg
4527,image_11276_p0_b3_c0.jpg,image_11276_p0_b2_c7.jpg
4528,image_11281_p0_b0_c7.jpg,image_11281_p0_b1_c0.jpg
4529,image_11281_p0_b1_c0.jpg,image_11281_p0_b0_c7.jpg
4530,image_11283_p0_b0_c7.jpg,image_11283_p0_b1_c0.jpg
4531,image_11283_p0_b1_c0.jpg,image_11283_p0_b0_c7.jpg
4532,image_11289_p0_b0_c7.jpg,image_11289_p0_b2_c0.jpg
4533,image_11289_p0_b2_c0.jpg,image_11289_p0_b0_c7.jpg
4534,image_11291_p0_b0_c7.jpg,image_11291_p0_b1_c0.jpg
4535,image_11291_p0_b1_c0.jpg,image_11291_p0_b0_c7.jpg
4536,image_11318_p0_b0_c7.jpg,image_11318_p0_b2_c0.jpg
4537,image_11318_p0_b2_c0.jpg,image_11318_p0_b0_c7.jpg
4538,image_11326_p0_b0_c7.jpg,image_11326_p0_b2_c0.jpg
4539,image_11326_p0_b2_c0.jpg,image_11326_p0_b0_c7.jpg
4540,image_11330_p0_b0_c7.jpg,image_11330_p0_b1_c0.jpg
4541,image_11330_p0_b1_c0.jpg,image_11330_p0_b0_c7.jpg
4542,image_11342_p0_b0_c7.jpg,image_11342_p0_b1_c0.jpg
4543,image_11342_p0_b1_c0.jpg,image_11342_p0_b0_c7.jpg
4544,image_11351_p0_b0_c7.jpg,image_11351_p0_b1_c0.jpg
4545,image_11351_p0_b1_c0.jpg,image_11351_p0_b0_c7.jpg
4546,image_11357_p0_b0_c7.jpg,image_11357_p0_b1_c0.jpg
4547,image_11357_p0_b1_c0.jpg,image_11357_p0_b0_c7.jpg
4548,image_11361_p0_b0_c7.jpg,image_11361_p0_b1_c0.jpg
4549,image_11361_p0_b1_c0.jpg,image_11361_p0_b0_c7.jpg
4550,image_11366_p0_b0_c7.jpg,image_11366_p0_b1_c0.jpg
4551,image_11366_p0_b1_c0.jpg,image_11366_p0_b0_c7.jpg
4552,image_11367_p0_b0_c7.jpg,image_11367_p0_b1_c0.jpg
4553,image_11367_p0_b1_c0.jpg,image_11367_p0_b0_c7.jpg
4554,image_11373_p0_b0_c7.jpg,image_11373_p0_b1_c0.jpg
4555,image_11373_p0_b1_c0.jpg,image_11373_p0_b0_c7.jpg
4556,image_11377_p0_b0_c0.jpg,image_11377_p0_b1_c7.jpg
4557,image_11377_p0_b1_c7.jpg,image_11377_p0_b0_c0.jpg
4558,image_11378_p0_b0_c7.jpg,image_11378_p0_b1_c0.jpg
4559,image_11378_p0_b1_c0.jpg,image_11378_p0_b0_c7.jpg
4560,image_11382_p0_b0_c6.jpg,image_11382_p0_b1_c0.jpg
4561,image_11382_p0_b1_c0.jpg,image_11382_p0_b0_c6.jpg
4562,image_11383_p0_b0_c7.jpg,image_11383_p0_b1_c0.jpg
4563,image_11383_p0_b1_c0.jpg,image_11383_p0_b0_c7.jpg
4564,image_11384_p0_b0_c7.jpg,image_11384_p0_b1_c0.jpg
4565,image_11384_p0_b1_c0.jpg,image_11384_p0_b0_c7.jpg
4566,image_11389_p0_b0_c7.jpg,image_11389_p0_b1_c0.jpg
4567,image_11389_p0_b1_c0.jpg,image_11389_p0_b0_c7.jpg
4568,image_11392_p0_b0_c6.jpg,image_11392_p0_b1_c0.jpg
4569,image_11392_p0_b1_c0.jpg,image_11392_p0_b0_c6.jpg
4570,image_11401_p0_b0_c7.jpg,image_11401_p0_b1_c0.jpg
4571,image_11401_p0_b1_c0.jpg,image_11401_p0_b0_c7.jpg
4572,image_11406_p0_b0_c7.jpg,image_11406_p0_b1_c0.jpg
4573,image_11406_p0_b1_c0.jpg,image_11406_p0_b0_c7.jpg
4574,image_11407_p0_b0_c7.jpg,image_11407_p0_b1_c0.jpg
4575,image_11407_p0_b1_c0.jpg,image_11407_p0_b0_c7.jpg
4576,image_11414_p0_b0_c7.jpg,image_11414_p0_b1_c0.jpg
4577,image_11414_p0_b1_c0.jpg,image_11414_p0_b0_c7.jpg
4578,image_11428_p0_b0_c7.jpg,image_11428_p0_b1_c0.jpg
4579,image_11428_p0_b1_c0.jpg,image_11428_p0_b0_c7.jpg
4580,image_11438_p0_b0_c7.jpg,image_11438_p0_b1_c0.jpg
4581,image_11438_p0_b1_c0.jpg,image_11438_p0_b0_c7.jpg
4582,image_11439_p0_b0_c7.jpg,image_11439_p0_b1_c0.jpg
4583,image_11439_p0_b1_c0.jpg,image_11439_p0_b0_c7.jpg
4584,image_11440_p0_b0_c0.jpg,image_11440_p0_b1_c7.jpg
4585,image_11440_p0_b1_c7.jpg,image_11440_p0_b0_c0.jpg
4586,image_11446_p0_b0_c7.jpg,image_11446_p0_b2_c0.jpg
4587,image_11446_p0_b2_c0.jpg,image_11446_p0_b0_c7.jpg
4588,image_11451_p0_b2_c7.jpg,image_11451_p0_b3_c0.jpg
4589,image_11451_p0_b3_c0.jpg,image_11451_p0_b2_c7.jpg
4590,image_11452_p0_b0_c7.jpg,image_11452_p0_b1_c0.jpg
4591,image_11452_p0_b1_c0.jpg,image_11452_p0_b0_c7.jpg
4592,image_11458_p0_b0_c7.jpg,image_11458_p0_b1_c0.jpg
4593,image_11458_p0_b1_c0.jpg,image_11458_p0_b0_c7.jpg
4594,image_11460_p0_b0_c7.jpg,image_11460_p0_b1_c0.jpg
4595,image_11460_p0_b1_c0.jpg,image_11460_p0_b0_c7.jpg
4596,image_11463_p0_b0_c7.jpg,image_11463_p0_b1_c0.jpg
4597,image_11463_p0_b1_c0.jpg,image_11463_p0_b0_c7.jpg
4598,image_11467_p0_b0_c7.jpg,image_11467_p0_b2_c0.jpg
4599,image_11467_p0_b2_c0.jpg,image_11467_p0_b0_c7.jpg
4600,image_11471_p0_b0_c7.jpg,image_11471_p0_b1_c0.jpg
4601,image_11471_p0_b1_c0.jpg,image_11471_p0_b0_c7.jpg
4602,image_11479_p1_b0_c7.jpg,image_11479_p1_b1_c0.jpg
4603,image_11479_p1_b1_c0.jpg,image_11479_p1_b0_c7.jpg
4604,image_11490_p0_b0_c7.jpg,image_11490_p0_b1_c0.jpg
4605,image_11490_p0_b1_c0.jpg,image_11490_p0_b0_c7.jpg
4606,image_11491_p0_b0_c7.jpg,image_11491_p0_b2_c0.jpg
4607,image_11491_p0_b2_c0.jpg,image_11491_p0_b0_c7.jpg
4608,image_11493_p0_b0_c7.jpg,image_11493_p0_b2_c0.jpg
4609,image_11493_p0_b2_c0.jpg,image_11493_p0_b0_c7.jpg
4610,image_11495_p0_b0_c7.jpg,image_11495_p0_b1_c0.jpg
4611,image_11495_p0_b1_c0.jpg,image_11495_p0_b0_c7.jpg
4612,image_11502_p0_b0_c7.jpg,image_11502_p0_b1_c0.jpg
4613,image_11502_p0_b1_c0.jpg,image_11502_p0_b0_c7.jpg
4614,image_11505_p0_b0_c7.jpg,image_11505_p0_b1_c0.jpg
4615,image_11505_p0_b1_c0.jpg,image_11505_p0_b0_c7.jpg
4616,image_11506_p0_b1_c6.jpg,image_11506_p0_b2_c0.jpg
4617,image_11506_p0_b2_c0.jpg,image_11506_p0_b1_c6.jpg
4618,image_11514_p0_b0_c7.jpg,image_11514_p0_b1_c0.jpg
4619,image_11514_p0_b1_c0.jpg,image_11514_p0_b0_c7.jpg
4620,image_11518_p0_b0_c7.jpg,image_11518_p0_b1_c0.jpg
4621,image_11518_p0_b1_c0.jpg,image_11518_p0_b0_c7.jpg
4622,image_11519_p0_b0_c7.jpg,image_11520_p0_b0_c0.jpg
4623,image_11520_p0_b0_c0.jpg,image_11519_p0_b0_c7.jpg
4624,image_11528_p0_b0_c7.jpg,image_11528_p0_b1_c0.jpg
4625,image_11528_p0_b1_c0.jpg,image_11528_p0_b0_c7.jpg
4626,image_11531_p0_b0_c7.jpg,image_11531_p0_b1_c0.jpg
4627,image_11531_p0_b1_c0.jpg,image_11531_p0_b0_c7.jpg
4628,image_11539_p0_b0_c7.jpg,image_11539_p0_b2_c0.jpg
4629,image_11539_p0_b2_c0.jpg,image_11539_p0_b0_c7.jpg
4630,image_11541_p0_b0_c7.jpg,image_11541_p0_b2_c0.jpg
4631,image_11541_p0_b2_c0.jpg,image_11541_p0_b0_c7.jpg
4632,image_11544_p0_b0_c7.jpg,image_11544_p0_b1_c0.jpg
4633,image_11544_p0_b1_c0.jpg,image_11544_p0_b0_c7.jpg
4634,image_11546_p0_b0_c7.jpg,image_11546_p0_b1_c0.jpg
4635,image_11546_p0_b1_c0.jpg,image_11546_p0_b0_c7.jpg
4636,image_11554_p0_b0_c7.jpg,image_11554_p0_b1_c0.jpg
4637,image_11554_p0_b1_c0.jpg,image_11554_p0_b0_c7.jpg
4638,image_11559_p0_b0_c7.jpg,image_11559_p0_b1_c0.jpg
4639,image_11559_p0_b1_c0.jpg,image_11559_p0_b0_c7.jpg
4640,image_11561_p0_b0_c7.jpg,image_11561_p0_b2_c0.jpg
4641,image_11561_p0_b2_c0.jpg,image_11561_p0_b0_c7.jpg
4642,image_11570_p0_b0_c7.jpg,image_11570_p0_b1_c0.jpg
4643,image_11570_p0_b1_c0.jpg,image_11570_p0_b0_c7.jpg
4644,image_11587_p0_b0_c7.jpg,image_11587_p0_b1_c0.jpg
4645,image_11587_p0_b1_c0.jpg,image_11587_p0_b0_c7.jpg
4646,image_11589_p0_b0_c7.jpg,image_11589_p0_b2_c0.jpg
4647,image_11589_p0_b2_c0.jpg,image_11589_p0_b0_c7.jpg
4648,image_11595_p0_b0_c7.jpg,image_11595_p0_b1_c0.jpg
4649,image_11595_p0_b1_c0.jpg,image_11595_p0_b0_c7.jpg
4650,image_11602_p0_b0_c7.jpg,image_11602_p0_b2_c0.jpg
4651,image_11602_p0_b2_c0.jpg,image_11602_p0_b0_c7.jpg
4652,image_11603_p0_b0_c7.jpg,image_11603_p0_b3_c0.jpg
4653,image_11603_p0_b3_c0.jpg,image_11603_p0_b0_c7.jpg
4654,image_11612_p0_b0_c7.jpg,image_11612_p0_b1_c0.jpg
4655,image_11612_p0_b1_c0.jpg,image_11612_p0_b0_c7.jpg
4656,image_11632_p0_b1_c7.jpg,image_11632_p0_b2_c0.jpg
4657,image_11632_p0_b2_c0.jpg,image_11632_p0_b1_c7.jpg
4658,image_11633_p0_b0_c7.jpg,image_11633_p0_b1_c0.jpg
4659,image_11633_p0_b1_c0.jpg,image_11633_p0_b0_c7.jpg
4660,image_11639_p0_b0_c0.jpg,image_11639_p0_b1_c7.jpg
4661,image_11639_p0_b1_c7.jpg,image_11639_p0_b0_c0.jpg
4662,image_11641_p0_b0_c7.jpg,image_11641_p0_b2_c0.jpg
4663,image_11641_p0_b2_c0.jpg,image_11641_p0_b0_c7.jpg
4664,image_11651_p0_b0_c7.jpg,image_11651_p0_b1_c0.jpg
4665,image_11651_p0_b1_c0.jpg,image_11651_p0_b0_c7.jpg
4666,image_11653_p0_b0_c7.jpg,image_11653_p0_b1_c0.jpg
4667,image_11653_p0_b1_c0.jpg,image_11653_p0_b0_c7.jpg
4668,image_11657_p0_b0_c7.jpg,image_11657_p0_b1_c0.jpg
4669,image_11657_p0_b1_c0.jpg,image_11657_p0_b0_c7.jpg
4670,image_11658_p0_b0_c7.jpg,image_11658_p0_b1_c0.jpg
4671,image_11658_p0_b1_c0.jpg,image_11658_p0_b0_c7.jpg
4672,image_11667_p0_b0_c7.jpg,image_11667_p0_b1_c0.jpg
4673,image_11667_p0_b1_c0.jpg,image_11667_p0_b0_c7.jpg
4674,image_11669_p0_b0_c8.jpg,image_11669_p0_b1_c0.jpg
4675,image_11669_p0_b1_c0.jpg,image_11669_p0_b0_c8.jpg
4676,image_11674_p0_b0_c7.jpg,image_11674_p0_b1_c0.jpg
4677,image_11674_p0_b1_c0.jpg,image_11674_p0_b0_c7.jpg
4678,image_11677_p0_b0_c7.jpg,image_11677_p0_b1_c0.jpg
4679,image_11677_p0_b1_c0.jpg,image_11677_p0_b0_c7.jpg
4680,image_11683_p0_b0_c7.jpg,image_11683_p0_b1_c0.jpg
4681,image_11683_p0_b1_c0.jpg,image_11683_p0_b0_c7.jpg
4682,image_11684_p0_b0_c7.jpg,image_11684_p0_b3_c0.jpg
4683,image_11684_p0_b3_c0.jpg,image_11684_p0_b0_c7.jpg
4684,image_11685_p0_b0_c7.jpg,image_11685_p0_b1_c0.jpg
4685,image_11685_p0_b1_c0.jpg,image_11685_p0_b0_c7.jpg
4686,image_11690_p0_b0_c7.jpg,image_11690_p0_b1_c0.jpg
4687,image_11690_p0_b1_c0.jpg,image_11690_p0_b0_c7.jpg
4688,image_11693_p0_b0_c7.jpg,image_11693_p0_b1_c0.jpg
4689,image_11693_p0_b1_c0.jpg,image_11693_p0_b0_c7.jpg
4690,image_11704_p0_b0_c0.jpg,image_11704_p0_b1_c6.jpg
4691,image_11704_p0_b1_c6.jpg,image_11704_p0_b0_c0.jpg
4692,image_11713_p0_b0_c7.jpg,image_11713_p0_b2_c0.jpg
4693,image_11713_p0_b2_c0.jpg,image_11713_p0_b0_c7.jpg
4694,image_11718_p0_b0_c7.jpg,image_11718_p0_b1_c0.jpg
4695,image_11718_p0_b1_c0.jpg,image_11718_p0_b0_c7.jpg
4696,image_11721_p0_b0_c7.jpg,image_11721_p0_b1_c0.jpg
4697,image_11721_p0_b1_c0.jpg,image_11721_p0_b0_c7.jpg
4698,image_11725_p0_b0_c0.jpg,image_11725_p0_b1_c7.jpg
4699,image_11725_p0_b1_c7.jpg,image_11725_p0_b0_c0.jpg
4700,image_11726_p0_b0_c0.jpg,image_11726_p0_b1_c6.jpg
4701,image_11726_p0_b1_c6.jpg,image_11726_p0_b0_c0.jpg
4702,image_11727_p0_b0_c7.jpg,image_11727_p0_b1_c0.jpg
4703,image_11727_p0_b1_c0.jpg,image_11727_p0_b0_c7.jpg
4704,image_11728_p0_b0_c7.jpg,image_11728_p0_b1_c0.jpg
4705,image_11728_p0_b1_c0.jpg,image_11728_p0_b0_c7.jpg
4706,image_11731_p0_b0_c7.jpg,image_11731_p0_b1_c0.jpg
4707,image_11731_p0_b1_c0.jpg,image_11731_p0_b0_c7.jpg
4708,image_11732_p0_b0_c7.jpg,image_11732_p0_b1_c0.jpg
4709,image_11732_p0_b1_c0.jpg,image_11732_p0_b0_c7.jpg
4710,image_11735_p0_b0_c7.jpg,image_11735_p0_b1_c0.jpg
4711,image_11735_p0_b1_c0.jpg,image_11735_p0_b0_c7.jpg
4712,image_11736_p0_b0_c7.jpg,image_11736_p0_b2_c0.jpg
4713,image_11736_p0_b2_c0.jpg,image_11736_p0_b0_c7.jpg
4714,image_11745_p0_b0_c7.jpg,image_11745_p0_b2_c0.jpg
4715,image_11745_p0_b2_c0.jpg,image_11745_p0_b0_c7.jpg
4716,image_11754_p0_b0_c7.jpg,image_11754_p0_b1_c0.jpg
4717,image_11754_p0_b1_c0.jpg,image_11754_p0_b0_c7.jpg
4718,image_11759_p0_b0_c7.jpg,image_11759_p0_b1_c0.jpg
4719,image_11759_p0_b1_c0.jpg,image_11759_p0_b0_c7.jpg
4720,image_11761_p0_b0_c7.jpg,image_11761_p0_b2_c0.jpg
4721,image_11761_p0_b2_c0.jpg,image_11761_p0_b0_c7.jpg
4722,image_11766_p1_b0_c7.jpg,image_11766_p1_b1_c0.jpg
4723,image_11766_p1_b1_c0.jpg,image_11766_p1_b0_c7.jpg
4724,image_11775_p0_b0_c7.jpg,image_11775_p0_b1_c0.jpg
4725,image_11775_p0_b1_c0.jpg,image_11775_p0_b0_c7.jpg
4726,image_11777_p0_b0_c7.jpg,image_11777_p0_b1_c0.jpg
4727,image_11777_p0_b1_c0.jpg,image_11777_p0_b0_c7.jpg
4728,image_11782_p0_b0_c7.jpg,image_11782_p0_b1_c0.jpg
4729,image_11782_p0_b1_c0.jpg,image_11782_p0_b0_c7.jpg
4730,image_11788_p0_b0_c7.jpg,image_11788_p0_b1_c0.jpg
4731,image_11788_p0_b1_c0.jpg,image_11788_p0_b0_c7.jpg
4732,image_11794_p0_b0_c7.jpg,image_11794_p0_b1_c0.jpg
4733,image_11794_p0_b1_c0.jpg,image_11794_p0_b0_c7.jpg
4734,image_11796_p0_b0_c7.jpg,image_11796_p0_b1_c0.jpg
4735,image_11796_p0_b1_c0.jpg,image_11796_p0_b0_c7.jpg
4736,image_11800_p0_b0_c7.jpg,image_11800_p0_b1_c0.jpg
4737,image_11800_p0_b1_c0.jpg,image_11800_p0_b0_c7.jpg
4738,image_11800_p1_b0_c8.jpg,image_11800_p1_b1_c0.jpg
4739,image_11800_p1_b1_c0.jpg,image_11800_p1_b0_c8.jpg
4740,image_11803_p0_b0_c7.jpg,image_11803_p0_b1_c0.jpg
4741,image_11803_p0_b1_c0.jpg,image_11803_p0_b0_c7.jpg
4742,image_11804_p0_b0_c7.jpg,image_11804_p0_b1_c0.jpg
4743,image_11804_p0_b1_c0.jpg,image_11804_p0_b0_c7.jpg
4744,image_11806_p0_b0_c7.jpg,image_11806_p0_b2_c0.jpg
4745,image_11806_p0_b2_c0.jpg,image_11806_p0_b0_c7.jpg
4746,image_11811_p0_b0_c7.jpg,image_11811_p0_b2_c0.jpg
4747,image_11811_p0_b2_c0.jpg,image_11811_p0_b0_c7.jpg
4748,image_11816_p0_b0_c7.jpg,image_11816_p0_b1_c0.jpg
4749,image_11816_p0_b1_c0.jpg,image_11816_p0_b0_c7.jpg
4750,image_11819_p0_b0_c7.jpg,image_11819_p0_b1_c0.jpg
4751,image_11819_p0_b1_c0.jpg,image_11819_p0_b0_c7.jpg
4752,image_11820_p1_b0_c7.jpg,image_11820_p1_b1_c0.jpg
4753,image_11820_p1_b1_c0.jpg,image_11820_p1_b0_c7.jpg
4754,image_11821_p0_b0_c7.jpg,image_11821_p0_b1_c0.jpg
4755,image_11821_p0_b1_c0.jpg,image_11821_p0_b0_c7.jpg
4756,image_11823_p0_b0_c7.jpg,image_11823_p0_b1_c0.jpg
4757,image_11823_p0_b1_c0.jpg,image_11823_p0_b0_c7.jpg
4758,image_11827_p0_b0_c7.jpg,image_11827_p0_b1_c0.jpg
4759,image_11827_p0_b1_c0.jpg,image_11827_p0_b0_c7.jpg
4760,image_11833_p0_b0_c7.jpg,image_11833_p0_b1_c0.jpg
4761,image_11833_p0_b1_c0.jpg,image_11833_p0_b0_c7.jpg
4762,image_11834_p0_b0_c7.jpg,image_11834_p0_b1_c0.jpg
4763,image_11834_p0_b1_c0.jpg,image_11834_p0_b0_c7.jpg
4764,image_11837_p0_b1_c0.jpg,image_11837_p0_b2_c7.jpg
4765,image_11837_p0_b2_c7.jpg,image_11837_p0_b1_c0.jpg
4766,image_11839_p0_b0_c7.jpg,image_11839_p0_b1_c0.jpg
4767,image_11839_p0_b1_c0.jpg,image_11839_p0_b0_c7.jpg
4768,image_11847_p0_b0_c7.jpg,image_11847_p0_b1_c0.jpg
4769,image_11847_p0_b1_c0.jpg,image_11847_p0_b0_c7.jpg
4770,image_11850_p0_b0_c7.jpg,image_11850_p0_b1_c0.jpg
4771,image_11850_p0_b1_c0.jpg,image_11850_p0_b0_c7.jpg
4772,image_11858_p0_b0_c7.jpg,image_11858_p0_b1_c0.jpg
4773,image_11858_p0_b1_c0.jpg,image_11858_p0_b0_c7.jpg
4774,image_11858_p1_b0_c7.jpg,image_11858_p1_b1_c0.jpg
4775,image_11858_p1_b1_c0.jpg,image_11858_p1_b0_c7.jpg
4776,image_11859_p0_b0_c7.jpg,image_11859_p0_b1_c0.jpg
4777,image_11859_p0_b1_c0.jpg,image_11859_p0_b0_c7.jpg
4778,image_11869_p0_b0_c7.jpg,image_11869_p0_b2_c0.jpg
4779,image_11869_p0_b2_c0.jpg,image_11869_p0_b0_c7.jpg
4780,image_11881_p0_b0_c7.jpg,image_11881_p0_b1_c0.jpg
4781,image_11881_p0_b1_c0.jpg,image_11881_p0_b0_c7.jpg
4782,image_11882_p0_b0_c7.jpg,image_11882_p0_b1_c0.jpg
4783,image_11882_p0_b1_c0.jpg,image_11882_p0_b0_c7.jpg
4784,image_11884_p0_b0_c7.jpg,image_11884_p0_b1_c0.jpg
4785,image_11884_p0_b1_c0.jpg,image_11884_p0_b0_c7.jpg
4786,image_11885_p0_b0_c7.jpg,image_11885_p0_b1_c0.jpg
4787,image_11885_p0_b1_c0.jpg,image_11885_p0_b0_c7.jpg
4788,image_11889_p0_b0_c7.jpg,image_11889_p0_b2_c0.jpg
4789,image_11889_p0_b2_c0.jpg,image_11889_p0_b0_c7.jpg
4790,image_11890_p0_b0_c7.jpg,image_11890_p0_b1_c0.jpg
4791,image_11890_p0_b1_c0.jpg,image_11890_p0_b0_c7.jpg
4792,image_11892_p0_b0_c7.jpg,image_11892_p0_b1_c0.jpg
4793,image_11892_p0_b1_c0.jpg,image_11892_p0_b0_c7.jpg
4794,image_11896_p0_b0_c7.jpg,image_11896_p0_b1_c0.jpg
4795,image_11896_p0_b1_c0.jpg,image_11896_p0_b0_c7.jpg
4796,image_11898_p0_b0_c7.jpg,image_11898_p0_b1_c0.jpg
4797,image_11898_p0_b1_c0.jpg,image_11898_p0_b0_c7.jpg
4798,image_11901_p0_b0_c7.jpg,image_11901_p0_b1_c0.jpg
4799,image_11901_p0_b1_c0.jpg,image_11901_p0_b0_c7.jpg
4800,image_11903_p0_b0_c6.jpg,image_11903_p0_b1_c0.jpg
4801,image_11903_p0_b1_c0.jpg,image_11903_p0_b0_c6.jpg
4802,image_11906_p0_b0_c7.jpg,image_11906_p0_b2_c0.jpg
4803,image_11906_p0_b2_c0.jpg,image_11906_p0_b0_c7.jpg
4804,image_11907_p0_b0_c7.jpg,image_11907_p0_b1_c0.jpg
4805,image_11907_p0_b1_c0.jpg,image_11907_p0_b0_c7.jpg
4806,image_11910_p0_b0_c0.jpg,image_11910_p0_b1_c7.jpg
4807,image_11910_p0_b1_c7.jpg,image_11910_p0_b0_c0.jpg
4808,image_11911_p0_b0_c7.jpg,image_11911_p0_b1_c0.jpg
4809,image_11911_p0_b1_c0.jpg,image_11911_p0_b0_c7.jpg
4810,image_11915_p0_b0_c7.jpg,image_11915_p0_b2_c0.jpg
4811,image_11915_p0_b2_c0.jpg,image_11915_p0_b0_c7.jpg
4812,image_11916_p0_b0_c7.jpg,image_11916_p0_b2_c0.jpg
4813,image_11916_p0_b2_c0.jpg,image_11916_p0_b0_c7.jpg
4814,image_11919_p0_b0_c7.jpg,image_11919_p0_b1_c0.jpg
4815,image_11919_p0_b1_c0.jpg,image_11919_p0_b0_c7.jpg
4816,image_11930_p0_b0_c7.jpg,image_11930_p0_b1_c0.jpg
4817,image_11930_p0_b1_c0.jpg,image_11930_p0_b0_c7.jpg
4818,image_11954_p0_b0_c7.jpg,image_11954_p0_b1_c0.jpg
4819,image_11954_p0_b1_c0.jpg,image_11954_p0_b0_c7.jpg
4820,image_11957_p0_b0_c7.jpg,image_11957_p0_b2_c0.jpg
4821,image_11957_p0_b2_c0.jpg,image_11957_p0_b0_c7.jpg
4822,image_11959_p0_b0_c7.jpg,image_11959_p0_b1_c0.jpg
4823,image_11959_p0_b1_c0.jpg,image_11959_p0_b0_c7.jpg
4824,image_11968_p0_b0_c0.jpg,image_11968_p0_b1_c8.jpg
4825,image_11968_p0_b1_c8.jpg,image_11968_p0_b0_c0.jpg
4826,image_11974_p0_b0_c7.jpg,image_11974_p0_b2_c0.jpg
4827,image_11974_p0_b2_c0.jpg,image_11974_p0_b0_c7.jpg
4828,image_11975_p0_b0_c7.jpg,image_11975_p0_b2_c0.jpg
4829,image_11975_p0_b2_c0.jpg,image_11975_p0_b0_c7.jpg
4830,image_11984_p0_b0_c7.jpg,image_11984_p0_b1_c0.jpg
4831,image_11984_p0_b1_c0.jpg,image_11984_p0_b0_c7.jpg
4832,image_11985_p0_b0_c7.jpg,image_11985_p0_b1_c0.jpg
4833,image_11985_p0_b1_c0.jpg,image_11985_p0_b0_c7.jpg
4834,image_12000_p0_b0_c7.jpg,image_12000_p0_b1_c0.jpg
4835,image_12000_p0_b1_c0.jpg,image_12000_p0_b0_c7.jpg
4836,image_12003_p0_b0_c7.jpg,image_12003_p0_b1_c0.jpg
4837,image_12003_p0_b1_c0.jpg,image_12003_p0_b0_c7.jpg
4838,image_12016_p0_b0_c7.jpg,image_12016_p0_b1_c0.jpg
4839,image_12016_p0_b1_c0.jpg,image_12016_p0_b0_c7.jpg
4840,image_12024_p0_b0_c7.jpg,image_12024_p0_b1_c0.jpg
4841,image_12024_p0_b1_c0.jpg,image_12024_p0_b0_c7.jpg
4842,image_12029_p0_b0_c7.jpg,image_12029_p0_b1_c0.jpg
4843,image_12029_p0_b1_c0.jpg,image_12029_p0_b0_c7.jpg
4844,image_12041_p0_b0_c7.jpg,image_12041_p0_b1_c0.jpg
4845,image_12041_p0_b1_c0.jpg,image_12041_p0_b0_c7.jpg
4846,image_12053_p0_b0_c7.jpg,image_12053_p0_b2_c0.jpg
4847,image_12053_p0_b2_c0.jpg,image_12053_p0_b0_c7.jpg
4848,image_12069_p0_b0_c7.jpg,image_12069_p0_b1_c0.jpg
4849,image_12069_p0_b1_c0.jpg,image_12069_p0_b0_c7.jpg
4850,image_12070_p1_b0_c7.jpg,image_12070_p1_b1_c0.jpg
4851,image_12070_p1_b1_c0.jpg,image_12070_p1_b0_c7.jpg
4852,image_12075_p0_b0_c7.jpg,image_12075_p0_b1_c0.jpg
4853,image_12075_p0_b1_c0.jpg,image_12075_p0_b0_c7.jpg
4854,image_12081_p0_b0_c7.jpg,image_12081_p0_b1_c0.jpg
4855,image_12081_p0_b1_c0.jpg,image_12081_p0_b0_c7.jpg
4856,image_12087_p0_b0_c7.jpg,image_12087_p0_b1_c0.jpg
4857,image_12087_p0_b1_c0.jpg,image_12087_p0_b0_c7.jpg
4858,image_12094_p0_b0_c7.jpg,image_12094_p0_b1_c0.jpg
4859,image_12094_p0_b1_c0.jpg,image_12094_p0_b0_c7.jpg
4860,image_12097_p0_b0_c7.jpg,image_12097_p0_b1_c0.jpg
4861,image_12097_p0_b1_c0.jpg,image_12097_p0_b0_c7.jpg
4862,image_12103_p0_b0_c7.jpg,image_12103_p0_b1_c0.jpg
4863,image_12103_p0_b1_c0.jpg,image_12103_p0_b0_c7.jpg
4864,image_12113_p0_b0_c7.jpg,image_12113_p0_b1_c0.jpg
4865,image_12113_p0_b1_c0.jpg,image_12113_p0_b0_c7.jpg
4866,image_12121_p0_b0_c7.jpg,image_12121_p0_b2_c0.jpg
4867,image_12121_p0_b2_c0.jpg,image_12121_p0_b0_c7.jpg
4868,image_12144_p0_b0_c7.jpg,image_12144_p0_b1_c0.jpg
4869,image_12144_p0_b1_c0.jpg,image_12144_p0_b0_c7.jpg
4870,image_12164_p0_b0_c7.jpg,image_12164_p0_b1_c0.jpg
4871,image_12164_p0_b1_c0.jpg,image_12164_p0_b0_c7.jpg
4872,image_12168_p0_b0_c7.jpg,image_12168_p0_b1_c0.jpg
4873,image_12168_p0_b1_c0.jpg,image_12168_p0_b0_c7.jpg
4874,image_12180_p0_b0_c0.jpg,image_12180_p0_b1_c7.jpg
4875,image_12180_p0_b1_c7.jpg,image_12180_p0_b0_c0.jpg
4876,image_12183_p0_b0_c7.jpg,image_12183_p0_b1_c0.jpg
4877,image_12183_p0_b1_c0.jpg,image_12183_p0_b0_c7.jpg
4878,image_12184_p0_b0_c7.jpg,image_12184_p0_b1_c0.jpg
4879,image_12184_p0_b1_c0.jpg,image_12184_p0_b0_c7.jpg
4880,image_12185_p0_b0_c7.jpg,image_12185_p0_b3_c0.jpg
4881,image_12185_p0_b3_c0.jpg,image_12185_p0_b0_c7.jpg
4882,image_12190_p0_b0_c7.jpg,image_12190_p0_b1_c0.jpg
4883,image_12190_p0_b1_c0.jpg,image_12190_p0_b0_c7.jpg
4884,image_12200_p0_b0_c7.jpg,image_12200_p0_b1_c0.jpg
4885,image_12200_p0_b1_c0.jpg,image_12200_p0_b0_c7.jpg
4886,image_12205_p0_b0_c7.jpg,image_12205_p0_b2_c0.jpg
4887,image_12205_p0_b2_c0.jpg,image_12205_p0_b0_c7.jpg
4888,image_12220_p0_b0_c7.jpg,image_12220_p0_b1_c0.jpg
4889,image_12220_p0_b1_c0.jpg,image_12220_p0_b0_c7.jpg
4890,image_12235_p0_b0_c7.jpg,image_12235_p0_b1_c0.jpg
4891,image_12235_p0_b1_c0.jpg,image_12235_p0_b0_c7.jpg
4892,image_12237_p0_b0_c7.jpg,image_12237_p0_b1_c0.jpg
4893,image_12237_p0_b1_c0.jpg,image_12237_p0_b0_c7.jpg
4894,image_12242_p0_b0_c7.jpg,image_12242_p0_b1_c0.jpg
4895,image_12242_p0_b1_c0.jpg,image_12242_p0_b0_c7.jpg
4896,image_12255_p0_b0_c7.jpg,image_12255_p0_b1_c0.jpg
4897,image_12255_p0_b1_c0.jpg,image_12255_p0_b0_c7.jpg
4898,image_12269_p0_b0_c0.jpg,image_12269_p0_b1_c7.jpg
4899,image_12269_p0_b1_c7.jpg,image_12269_p0_b0_c0.jpg
4900,image_12277_p0_b0_c7.jpg,image_12277_p0_b1_c0.jpg
4901,image_12277_p0_b1_c0.jpg,image_12277_p0_b0_c7.jpg
4902,image_12280_p0_b0_c7.jpg,image_12280_p0_b1_c0.jpg
4903,image_12280_p0_b1_c0.jpg,image_12280_p0_b0_c7.jpg
4904,image_12287_p0_b0_c7.jpg,image_12287_p0_b1_c0.jpg
4905,image_12287_p0_b1_c0.jpg,image_12287_p0_b0_c7.jpg
4906,image_12290_p0_b0_c7.jpg,image_12290_p0_b1_c0.jpg
4907,image_12290_p0_b1_c0.jpg,image_12290_p0_b0_c7.jpg
4908,image_12306_p0_b0_c0.jpg,image_12306_p0_b1_c7.jpg
4909,image_12306_p0_b1_c7.jpg,image_12306_p0_b0_c0.jpg
4910,image_12307_p0_b0_c7.jpg,image_12307_p0_b1_c0.jpg
4911,image_12307_p0_b1_c0.jpg,image_12307_p0_b0_c7.jpg
4912,image_12311_p0_b0_c7.jpg,image_12311_p0_b1_c0.jpg
4913,image_12311_p0_b1_c0.jpg,image_12311_p0_b0_c7.jpg
4914,image_12314_p0_b0_c7.jpg,image_12314_p0_b1_c0.jpg
4915,image_12314_p0_b1_c0.jpg,image_12314_p0_b0_c7.jpg
4916,image_12321_p0_b0_c7.jpg,image_12321_p0_b1_c0.jpg
4917,image_12321_p0_b1_c0.jpg,image_12321_p0_b0_c7.jpg
4918,image_12327_p0_b0_c7.jpg,image_12327_p0_b1_c0.jpg
4919,image_12327_p0_b1_c0.jpg,image_12327_p0_b0_c7.jpg
4920,image_12328_p0_b0_c7.jpg,image_12328_p0_b1_c0.jpg
4921,image_12328_p0_b1_c0.jpg,image_12328_p0_b0_c7.jpg
4922,image_12333_p0_b0_c7.jpg,image_12333_p0_b1_c0.jpg
4923,image_12333_p0_b1_c0.jpg,image_12333_p0_b0_c7.jpg
4924,image_12341_p0_b0_c7.jpg,image_12341_p0_b1_c0.jpg
4925,image_12341_p0_b1_c0.jpg,image_12341_p0_b0_c7.jpg
4926,image_12344_p0_b0_c7.jpg,image_12344_p0_b1_c0.jpg
4927,image_12344_p0_b1_c0.jpg,image_12344_p0_b0_c7.jpg
4928,image_12349_p0_b0_c7.jpg,image_12349_p0_b1_c0.jpg
4929,image_12349_p0_b1_c0.jpg,image_12349_p0_b0_c7.jpg
4930,image_12350_p0_b0_c7.jpg,image_12350_p0_b1_c0.jpg
4931,image_12350_p0_b1_c0.jpg,image_12350_p0_b0_c7.jpg
4932,image_12351_p0_b0_c7.jpg,image_12351_p0_b1_c0.jpg
4933,image_12351_p0_b1_c0.jpg,image_12351_p0_b0_c7.jpg
4934,image_12355_p0_b0_c7.jpg,image_12355_p0_b1_c0.jpg
4935,image_12355_p0_b1_c0.jpg,image_12355_p0_b0_c7.jpg
4936,image_12356_p1_b1_c7.jpg,image_12356_p1_b2_c0.jpg
4937,image_12356_p1_b2_c0.jpg,image_12356_p1_b1_c7.jpg
4938,image_12362_p0_b0_c7.jpg,image_12362_p0_b1_c0.jpg
4939,image_12362_p0_b1_c0.jpg,image_12362_p0_b0_c7.jpg
4940,image_12366_p0_b0_c7.jpg,image_12366_p0_b1_c0.jpg
4941,image_12366_p0_b1_c0.jpg,image_12366_p0_b0_c7.jpg
4942,image_12369_p0_b0_c7.jpg,image_12369_p0_b1_c0.jpg
4943,image_12369_p0_b1_c0.jpg,image_12369_p0_b0_c7.jpg
4944,image_12371_p0_b0_c7.jpg,image_12371_p0_b1_c0.jpg
4945,image_12371_p0_b1_c0.jpg,image_12371_p0_b0_c7.jpg
4946,image_12379_p1_b0_c7.jpg,image_12379_p1_b1_c0.jpg
4947,image_12379_p1_b1_c0.jpg,image_12379_p1_b0_c7.jpg
4948,image_12387_p0_b0_c7.jpg,image_12387_p0_b1_c0.jpg
4949,image_12387_p0_b1_c0.jpg,image_12387_p0_b0_c7.jpg
4950,image_12392_p0_b1_c7.jpg,image_12392_p0_b2_c0.jpg
4951,image_12392_p0_b2_c0.jpg,image_12392_p0_b1_c7.jpg
4952,image_12401_p0_b0_c7.jpg,image_12401_p0_b1_c0.jpg
4953,image_12401_p0_b1_c0.jpg,image_12401_p0_b0_c7.jpg
4954,image_12410_p0_b0_c7.jpg,image_12410_p0_b1_c0.jpg
4955,image_12410_p0_b1_c0.jpg,image_12410_p0_b0_c7.jpg
4956,image_12411_p0_b0_c7.jpg,image_12411_p0_b1_c0.jpg
4957,image_12411_p0_b1_c0.jpg,image_12411_p0_b0_c7.jpg
4958,image_12418_p0_b0_c7.jpg,image_12418_p0_b1_c0.jpg
4959,image_12418_p0_b1_c0.jpg,image_12418_p0_b0_c7.jpg
4960,image_12425_p0_b0_c7.jpg,image_12425_p0_b1_c0.jpg
4961,image_12425_p0_b1_c0.jpg,image_12425_p0_b0_c7.jpg
4962,image_12436_p0_b0_c7.jpg,image_12436_p0_b1_c0.jpg
4963,image_12436_p0_b1_c0.jpg,image_12436_p0_b0_c7.jpg
4964,image_12442_p0_b0_c7.jpg,image_12442_p0_b1_c0.jpg
4965,image_12442_p0_b1_c0.jpg,image_12442_p0_b0_c7.jpg
4966,image_12448_p0_b0_c7.jpg,image_12448_p0_b1_c0.jpg
4967,image_12448_p0_b1_c0.jpg,image_12448_p0_b0_c7.jpg
4968,image_12451_p0_b0_c6.jpg,image_12451_p0_b1_c0.jpg
4969,image_12451_p0_b1_c0.jpg,image_12451_p0_b0_c6.jpg
4970,image_12461_p0_b0_c7.jpg,image_12461_p0_b1_c0.jpg
4971,image_12461_p0_b1_c0.jpg,image_12461_p0_b0_c7.jpg
4972,image_12477_p0_b0_c7.jpg,image_12477_p0_b1_c0.jpg
4973,image_12477_p0_b1_c0.jpg,image_12477_p0_b0_c7.jpg
4974,image_12487_p0_b0_c7.jpg,image_12487_p0_b1_c0.jpg
4975,image_12487_p0_b1_c0.jpg,image_12487_p0_b0_c7.jpg
4976,image_12502_p0_b0_c7.jpg,image_12502_p0_b1_c0.jpg
4977,image_12502_p0_b1_c0.jpg,image_12502_p0_b0_c7.jpg
4978,image_12509_p0_b0_c7.jpg,image_12509_p0_b1_c0.jpg
4979,image_12509_p0_b1_c0.jpg,image_12509_p0_b0_c7.jpg
4980,image_12511_p0_b0_c7.jpg,image_12511_p0_b1_c0.jpg
4981,image_12511_p0_b1_c0.jpg,image_12511_p0_b0_c7.jpg
4982,image_12513_p0_b0_c7.jpg,image_12513_p0_b1_c0.jpg
4983,image_12513_p0_b1_c0.jpg,image_12513_p0_b0_c7.jpg
4984,image_12515_p0_b0_c7.jpg,image_12515_p0_b1_c0.jpg
4985,image_12515_p0_b1_c0.jpg,image_12515_p0_b0_c7.jpg
4986,image_12535_p0_b0_c6.jpg,image_12535_p0_b1_c0.jpg
4987,image_12535_p0_b1_c0.jpg,image_12535_p0_b0_c6.jpg
4988,image_12542_p0_b0_c7.jpg,image_12542_p0_b1_c0.jpg
4989,image_12542_p0_b1_c0.jpg,image_12542_p0_b0_c7.jpg
4990,image_12546_p0_b0_c7.jpg,image_12546_p0_b1_c0.jpg
4991,image_12546_p0_b1_c0.jpg,image_12546_p0_b0_c7.jpg
4992,image_12547_p0_b0_c7.jpg,image_12547_p0_b1_c0.jpg
4993,image_12547_p0_b1_c0.jpg,image_12547_p0_b0_c7.jpg
4994,image_12548_p0_b0_c7.jpg,image_12548_p0_b2_c0.jpg
4995,image_12548_p0_b2_c0.jpg,image_12548_p0_b0_c7.jpg
4996,image_12552_p0_b0_c0.jpg,image_12552_p0_b1_c7.jpg
4997,image_12552_p0_b1_c7.jpg,image_12552_p0_b0_c0.jpg
4998,image_12553_p0_b0_c0.jpg,image_12553_p0_b2_c7.jpg
4999,image_12553_p0_b2_c7.jpg,image_12553_p0_b0_c0.jpg
5000,image_12556_p0_b0_c7.jpg,image_12556_p0_b1_c8.jpg
5001,image_12556_p0_b1_c8.jpg,image_12556_p0_b0_c7.jpg
5002,image_12559_p0_b0_c7.jpg,image_12559_p0_b1_c0.jpg
5003,image_12559_p0_b1_c0.jpg,image_12559_p0_b0_c7.jpg
5004,image_12562_p0_b0_c7.jpg,image_12562_p0_b1_c0.jpg
5005,image_12562_p0_b1_c0.jpg,image_12562_p0_b0_c7.jpg
5006,image_12564_p0_b0_c7.jpg,image_12564_p0_b1_c0.jpg
5007,image_12564_p0_b1_c0.jpg,image_12564_p0_b0_c7.jpg
5008,image_12565_p0_b0_c7.jpg,image_12565_p0_b3_c0.jpg
5009,image_12565_p0_b3_c0.jpg,image_12565_p0_b0_c7.jpg
5010,image_12569_p0_b0_c7.jpg,image_12569_p0_b1_c0.jpg
5011,image_12569_p0_b1_c0.jpg,image_12569_p0_b0_c7.jpg
5012,image_12571_p0_b0_c7.jpg,image_12571_p0_b1_c0.jpg
5013,image_12571_p0_b1_c0.jpg,image_12571_p0_b0_c7.jpg
5014,image_12579_p0_b0_c7.jpg,image_12579_p0_b2_c0.jpg
5015,image_12579_p0_b2_c0.jpg,image_12579_p0_b0_c7.jpg
5016,image_12583_p0_b0_c7.jpg,image_12583_p0_b1_c0.jpg
5017,image_12583_p0_b1_c0.jpg,image_12583_p0_b0_c7.jpg
5018,image_12591_p0_b0_c7.jpg,image_12591_p0_b1_c0.jpg
5019,image_12591_p0_b1_c0.jpg,image_12591_p0_b0_c7.jpg
5020,image_12593_p0_b0_c7.jpg,image_12593_p0_b2_c0.jpg
5021,image_12593_p0_b2_c0.jpg,image_12593_p0_b0_c7.jpg
5022,image_12594_p0_b0_c6.jpg,image_12594_p0_b2_c0.jpg
5023,image_12594_p0_b2_c0.jpg,image_12594_p0_b0_c6.jpg
5024,image_12613_p0_b0_c7.jpg,image_12613_p0_b1_c0.jpg
5025,image_12613_p0_b1_c0.jpg,image_12613_p0_b0_c7.jpg
5026,image_12619_p0_b0_c7.jpg,image_12619_p0_b1_c0.jpg
5027,image_12619_p0_b1_c0.jpg,image_12619_p0_b0_c7.jpg
5028,image_12621_p0_b0_c7.jpg,image_12621_p0_b1_c0.jpg
5029,image_12621_p0_b1_c0.jpg,image_12621_p0_b0_c7.jpg
5030,image_12627_p0_b0_c7.jpg,image_12627_p0_b1_c0.jpg
5031,image_12627_p0_b1_c0.jpg,image_12627_p0_b0_c7.jpg
5032,image_12630_p0_b0_c7.jpg,image_12630_p0_b1_c0.jpg
5033,image_12630_p0_b1_c0.jpg,image_12630_p0_b0_c7.jpg
5034,image_12631_p0_b0_c7.jpg,image_12631_p0_b1_c0.jpg
5035,image_12631_p0_b1_c0.jpg,image_12631_p0_b0_c7.jpg
5036,image_12644_p0_b0_c7.jpg,image_12644_p0_b1_c0.jpg
5037,image_12644_p0_b1_c0.jpg,image_12644_p0_b0_c7.jpg
5038,image_12658_p0_b0_c0.jpg,image_12658_p0_b1_c7.jpg
5039,image_12658_p0_b1_c7.jpg,image_12658_p0_b0_c0.jpg
5040,image_12663_p0_b0_c7.jpg,image_12663_p0_b2_c0.jpg
5041,image_12663_p0_b2_c0.jpg,image_12663_p0_b0_c7.jpg
5042,image_12664_p0_b0_c7.jpg,image_12664_p0_b1_c0.jpg
5043,image_12664_p0_b1_c0.jpg,image_12664_p0_b0_c7.jpg
5044,image_12665_p0_b0_c7.jpg,image_12665_p0_b1_c0.jpg
5045,image_12665_p0_b1_c0.jpg,image_12665_p0_b0_c7.jpg
5046,image_12667_p0_b0_c7.jpg,image_12667_p0_b1_c0.jpg
5047,image_12667_p0_b1_c0.jpg,image_12667_p0_b0_c7.jpg
5048,image_12669_p0_b0_c7.jpg,image_12669_p0_b1_c0.jpg
5049,image_12669_p0_b1_c0.jpg,image_12669_p0_b0_c7.jpg
5050,image_12672_p0_b0_c7.jpg,image_12672_p0_b1_c0.jpg
5051,image_12672_p0_b1_c0.jpg,image_12672_p0_b0_c7.jpg
5052,image_12673_p0_b0_c7.jpg,image_12673_p0_b2_c0.jpg
5053,image_12673_p0_b2_c0.jpg,image_12673_p0_b0_c7.jpg
5054,image_12677_p0_b0_c7.jpg,image_12677_p0_b1_c0.jpg
5055,image_12677_p0_b1_c0.jpg,image_12677_p0_b0_c7.jpg
5056,image_12678_p0_b0_c7.jpg,image_12678_p0_b1_c0.jpg
5057,image_12678_p0_b1_c0.jpg,image_12678_p0_b0_c7.jpg
5058,image_12682_p0_b0_c7.jpg,image_12682_p0_b1_c0.jpg
5059,image_12682_p0_b1_c0.jpg,image_12682_p0_b0_c7.jpg
5060,image_12689_p0_b0_c7.jpg,image_12689_p0_b1_c0.jpg
5061,image_12689_p0_b1_c0.jpg,image_12689_p0_b0_c7.jpg
5062,image_12690_p0_b0_c7.jpg,image_12690_p0_b1_c0.jpg
5063,image_12690_p0_b1_c0.jpg,image_12690_p0_b0_c7.jpg
5064,image_12691_p0_b0_c7.jpg,image_12691_p0_b1_c0.jpg
5065,image_12691_p0_b1_c0.jpg,image_12691_p0_b0_c7.jpg
5066,image_12693_p0_b0_c7.jpg,image_12693_p0_b1_c0.jpg
5067,image_12693_p0_b1_c0.jpg,image_12693_p0_b0_c7.jpg
5068,image_12702_p0_b0_c7.jpg,image_12702_p0_b1_c0.jpg
5069,image_12702_p0_b1_c0.jpg,image_12702_p0_b0_c7.jpg
5070,image_12704_p0_b0_c7.jpg,image_12704_p0_b1_c0.jpg
5071,image_12704_p0_b1_c0.jpg,image_12704_p0_b0_c7.jpg
5072,image_12712_p0_b0_c8.jpg,image_12712_p0_b1_c0.jpg
5073,image_12712_p0_b1_c0.jpg,image_12712_p0_b0_c8.jpg
5074,image_12717_p0_b0_c7.jpg,image_12717_p0_b1_c0.jpg
5075,image_12717_p0_b1_c0.jpg,image_12717_p0_b0_c7.jpg
5076,image_12718_p0_b1_c7.jpg,image_12718_p0_b2_c0.jpg
5077,image_12718_p0_b2_c0.jpg,image_12718_p0_b1_c7.jpg
5078,image_12722_p0_b0_c7.jpg,image_12722_p0_b1_c0.jpg
5079,image_12722_p0_b1_c0.jpg,image_12722_p0_b0_c7.jpg
5080,image_12724_p0_b1_c7.jpg,image_12724_p0_b2_c0.jpg
5081,image_12724_p0_b2_c0.jpg,image_12724_p0_b1_c7.jpg
5082,image_12731_p0_b0_c8.jpg,image_12731_p0_b2_c0.jpg
5083,image_12731_p0_b2_c0.jpg,image_12731_p0_b0_c8.jpg
5084,image_12733_p0_b0_c7.jpg,image_12733_p0_b1_c0.jpg
5085,image_12733_p0_b1_c0.jpg,image_12733_p0_b0_c7.jpg
5086,image_12746_p0_b1_c7.jpg,image_12746_p0_b2_c0.jpg
5087,image_12746_p0_b2_c0.jpg,image_12746_p0_b1_c7.jpg
5088,image_12757_p0_b0_c7.jpg,image_12757_p0_b1_c0.jpg
5089,image_12757_p0_b1_c0.jpg,image_12757_p0_b0_c7.jpg
5090,image_12771_p0_b0_c7.jpg,image_12771_p0_b1_c0.jpg
5091,image_12771_p0_b1_c0.jpg,image_12771_p0_b0_c7.jpg
5092,image_12777_p0_b0_c7.jpg,image_12777_p0_b1_c0.jpg
5093,image_12777_p0_b1_c0.jpg,image_12777_p0_b0_c7.jpg
5094,image_12780_p0_b0_c7.jpg,image_12780_p0_b2_c0.jpg
5095,image_12780_p0_b2_c0.jpg,image_12780_p0_b0_c7.jpg
5096,image_12786_p0_b0_c7.jpg,image_12786_p0_b1_c0.jpg
5097,image_12786_p0_b1_c0.jpg,image_12786_p0_b0_c7.jpg
5098,image_12789_p0_b0_c7.jpg,image_12789_p0_b1_c0.jpg
5099,image_12789_p0_b1_c0.jpg,image_12789_p0_b0_c7.jpg
5100,image_12790_p0_b0_c7.jpg,image_12790_p0_b1_c0.jpg
5101,image_12790_p0_b1_c0.jpg,image_12790_p0_b0_c7.jpg
5102,image_12792_p0_b0_c7.jpg,image_12792_p0_b1_c0.jpg
5103,image_12792_p0_b1_c0.jpg,image_12792_p0_b0_c7.jpg
5104,image_12799_p0_b1_c0.jpg,image_12799_p0_b2_c7.jpg
5105,image_12799_p0_b2_c7.jpg,image_12799_p0_b1_c0.jpg
5106,image_12803_p0_b0_c7.jpg,image_12803_p0_b1_c0.jpg
5107,image_12803_p0_b1_c0.jpg,image_12803_p0_b0_c7.jpg
5108,image_12809_p0_b0_c7.jpg,image_12809_p0_b1_c0.jpg
5109,image_12809_p0_b1_c0.jpg,image_12809_p0_b0_c7.jpg
5110,image_12809_p1_b0_c7.jpg,image_12809_p1_b1_c0.jpg
5111,image_12809_p1_b1_c0.jpg,image_12809_p1_b0_c7.jpg
5112,image_12809_p2_b0_c7.jpg,image_12809_p2_b1_c0.jpg
5113,image_12809_p2_b1_c0.jpg,image_12809_p2_b0_c7.jpg
5114,image_12819_p0_b0_c7.jpg,image_12819_p0_b1_c0.jpg
5115,image_12819_p0_b1_c0.jpg,image_12819_p0_b0_c7.jpg
5116,image_12825_p0_b0_c7.jpg,image_12825_p0_b1_c0.jpg
5117,image_12825_p0_b1_c0.jpg,image_12825_p0_b0_c7.jpg
5118,image_12826_p0_b0_c7.jpg,image_12826_p0_b1_c0.jpg
5119,image_12826_p0_b1_c0.jpg,image_12826_p0_b0_c7.jpg
5120,image_12832_p0_b0_c7.jpg,image_12832_p0_b1_c0.jpg
5121,image_12832_p0_b1_c0.jpg,image_12832_p0_b0_c7.jpg
5122,image_12844_p0_b0_c7.jpg,image_12844_p0_b1_c0.jpg
5123,image_12844_p0_b1_c0.jpg,image_12844_p0_b0_c7.jpg
5124,image_12848_p0_b0_c7.jpg,image_12848_p0_b2_c0.jpg
5125,image_12848_p0_b2_c0.jpg,image_12848_p0_b0_c7.jpg
5126,image_12849_p0_b0_c7.jpg,image_12849_p0_b1_c0.jpg
5127,image_12849_p0_b1_c0.jpg,image_12849_p0_b0_c7.jpg
5128,image_12852_p0_b0_c7.jpg,image_12852_p0_b1_c0.jpg
5129,image_12852_p0_b1_c0.jpg,image_12852_p0_b0_c7.jpg
5130,image_12856_p0_b0_c7.jpg,image_12856_p0_b1_c0.jpg
5131,image_12856_p0_b1_c0.jpg,image_12856_p0_b0_c7.jpg
5132,image_12857_p0_b0_c7.jpg,image_12857_p0_b1_c0.jpg
5133,image_12857_p0_b1_c0.jpg,image_12857_p0_b0_c7.jpg
5134,image_12861_p0_b0_c6.jpg,image_12861_p0_b1_c0.jpg
5135,image_12861_p0_b1_c0.jpg,image_12861_p0_b0_c6.jpg
5136,image_12876_p0_b0_c7.jpg,image_12876_p0_b1_c0.jpg
5137,image_12876_p0_b1_c0.jpg,image_12876_p0_b0_c7.jpg
5138,image_12877_p0_b0_c7.jpg,image_12877_p0_b1_c0.jpg
5139,image_12877_p0_b1_c0.jpg,image_12877_p0_b0_c7.jpg
5140,image_12879_p0_b0_c7.jpg,image_12879_p0_b1_c0.jpg
5141,image_12879_p0_b1_c0.jpg,image_12879_p0_b0_c7.jpg
5142,image_12881_p0_b0_c7.jpg,image_12881_p0_b1_c0.jpg
5143,image_12881_p0_b1_c0.jpg,image_12881_p0_b0_c7.jpg
5144,image_12882_p1_b0_c7.jpg,image_12882_p1_b1_c0.jpg
5145,image_12882_p1_b1_c0.jpg,image_12882_p1_b0_c7.jpg
5146,image_12893_p0_b0_c0.jpg,image_12893_p0_b1_c8.jpg
5147,image_12893_p0_b1_c8.jpg,image_12893_p0_b0_c0.jpg
5148,image_12896_p0_b0_c7.jpg,image_12896_p0_b1_c0.jpg
5149,image_12896_p0_b1_c0.jpg,image_12896_p0_b0_c7.jpg
5150,image_12901_p0_b0_c7.jpg,image_12901_p0_b1_c0.jpg
5151,image_12901_p0_b1_c0.jpg,image_12901_p0_b0_c7.jpg
5152,image_12912_p0_b0_c7.jpg,image_12912_p0_b1_c0.jpg
5153,image_12912_p0_b1_c0.jpg,image_12912_p0_b0_c7.jpg
5154,image_12915_p0_b0_c7.jpg,image_12915_p0_b1_c0.jpg
5155,image_12915_p0_b1_c0.jpg,image_12915_p0_b0_c7.jpg
5156,image_12916_p0_b0_c7.jpg,image_12916_p0_b1_c0.jpg
5157,image_12916_p0_b1_c0.jpg,image_12916_p0_b0_c7.jpg
5158,image_12923_p0_b0_c7.jpg,image_12923_p0_b1_c0.jpg
5159,image_12923_p0_b1_c0.jpg,image_12923_p0_b0_c7.jpg
5160,image_12934_p0_b0_c7.jpg,image_12934_p0_b1_c0.jpg
5161,image_12934_p0_b1_c0.jpg,image_12934_p0_b0_c7.jpg
5162,image_12940_p0_b0_c7.jpg,image_12940_p0_b1_c0.jpg
5163,image_12940_p0_b1_c0.jpg,image_12940_p0_b0_c7.jpg
5164,image_12945_p0_b0_c7.jpg,image_12945_p0_b1_c1.jpg
5165,image_12945_p0_b1_c1.jpg,image_12945_p0_b0_c7.jpg
5166,image_12960_p0_b0_c7.jpg,image_12960_p0_b1_c0.jpg
5167,image_12960_p0_b1_c0.jpg,image_12960_p0_b0_c7.jpg
5168,image_12966_p0_b0_c7.jpg,image_12966_p0_b1_c0.jpg
5169,image_12966_p0_b1_c0.jpg,image_12966_p0_b0_c7.jpg
5170,image_12976_p0_b0_c7.jpg,image_12976_p0_b1_c0.jpg
5171,image_12976_p0_b1_c0.jpg,image_12976_p0_b0_c7.jpg
5172,image_12977_p0_b0_c7.jpg,image_12977_p0_b1_c0.jpg
5173,image_12977_p0_b1_c0.jpg,image_12977_p0_b0_c7.jpg
5174,image_12981_p0_b0_c7.jpg,image_12981_p0_b1_c0.jpg
5175,image_12981_p0_b1_c0.jpg,image_12981_p0_b0_c7.jpg
5176,image_12986_p0_b0_c7.jpg,image_12986_p0_b1_c0.jpg
5177,image_12986_p0_b1_c0.jpg,image_12986_p0_b0_c7.jpg
5178,image_12995_p0_b0_c7.jpg,image_12995_p0_b1_c0.jpg
5179,image_12995_p0_b1_c0.jpg,image_12995_p0_b0_c7.jpg
5180,image_13002_p0_b0_c7.jpg,image_13002_p0_b1_c0.jpg
5181,image_13002_p0_b1_c0.jpg,image_13002_p0_b0_c7.jpg
5182,image_13026_p0_b0_c7.jpg,image_13026_p0_b1_c0.jpg
5183,image_13026_p0_b1_c0.jpg,image_13026_p0_b0_c7.jpg
5184,image_13036_p0_b0_c8.jpg,image_13036_p0_b1_c0.jpg
5185,image_13036_p0_b1_c0.jpg,image_13036_p0_b0_c8.jpg
5186,image_13038_p0_b0_c7.jpg,image_13038_p0_b1_c0.jpg
5187,image_13038_p0_b1_c0.jpg,image_13038_p0_b0_c7.jpg
5188,image_13046_p0_b0_c7.jpg,image_13046_p0_b1_c0.jpg
5189,image_13046_p0_b1_c0.jpg,image_13046_p0_b0_c7.jpg
5190,image_13048_p0_b0_c7.jpg,image_13048_p0_b1_c0.jpg
5191,image_13048_p0_b1_c0.jpg,image_13048_p0_b0_c7.jpg
5192,image_13053_p0_b0_c6.jpg,image_13053_p0_b2_c0.jpg
5193,image_13053_p0_b2_c0.jpg,image_13053_p0_b0_c6.jpg
5194,image_13057_p0_b0_c7.jpg,image_13057_p0_b1_c0.jpg
5195,image_13057_p0_b1_c0.jpg,image_13057_p0_b0_c7.jpg
5196,image_13064_p0_b0_c7.jpg,image_13064_p0_b1_c0.jpg
5197,image_13064_p0_b1_c0.jpg,image_13064_p0_b0_c7.jpg
5198,image_13065_p0_b0_c6.jpg,image_13065_p0_b1_c0.jpg
5199,image_13065_p0_b1_c0.jpg,image_13065_p0_b0_c6.jpg
5200,image_13068_p0_b1_c0.jpg,image_13068_p0_b2_c7.jpg
5201,image_13068_p0_b2_c7.jpg,image_13068_p0_b1_c0.jpg
5202,image_13069_p0_b0_c0.jpg,image_13069_p0_b2_c7.jpg
5203,image_13069_p0_b2_c7.jpg,image_13069_p0_b0_c0.jpg
5204,image_13078_p0_b0_c7.jpg,image_13078_p0_b1_c0.jpg
5205,image_13078_p0_b1_c0.jpg,image_13078_p0_b0_c7.jpg
5206,image_13083_p0_b0_c6.jpg,image_13083_p0_b1_c0.jpg
5207,image_13083_p0_b1_c0.jpg,image_13083_p0_b0_c6.jpg
5208,image_13086_p0_b0_c7.jpg,image_13086_p0_b1_c0.jpg
5209,image_13086_p0_b1_c0.jpg,image_13086_p0_b0_c7.jpg
5210,image_13091_p1_b0_c7.jpg,image_13091_p1_b1_c0.jpg
5211,image_13091_p1_b1_c0.jpg,image_13091_p1_b0_c7.jpg
5212,image_13097_p0_b0_c7.jpg,image_13097_p0_b1_c0.jpg
5213,image_13097_p0_b1_c0.jpg,image_13097_p0_b0_c7.jpg
5214,image_13099_p0_b0_c7.jpg,image_13099_p0_b1_c0.jpg
5215,image_13099_p0_b1_c0.jpg,image_13099_p0_b0_c7.jpg
5216,image_13102_p0_b0_c7.jpg,image_13102_p0_b1_c0.jpg
5217,image_13102_p0_b1_c0.jpg,image_13102_p0_b0_c7.jpg
5218,image_13120_p0_b0_c7.jpg,image_13120_p0_b1_c0.jpg
5219,image_13120_p0_b1_c0.jpg,image_13120_p0_b0_c7.jpg
5220,image_13128_p0_b0_c7.jpg,image_13128_p0_b1_c0.jpg
5221,image_13128_p0_b1_c0.jpg,image_13128_p0_b0_c7.jpg
5222,image_13129_p0_b0_c7.jpg,image_13129_p0_b1_c0.jpg
5223,image_13129_p0_b1_c0.jpg,image_13129_p0_b0_c7.jpg
5224,image_13130_p0_b0_c0.jpg,image_13130_p0_b1_c7.jpg
5225,image_13130_p0_b1_c7.jpg,image_13130_p0_b0_c0.jpg
5226,image_13139_p0_b0_c7.jpg,image_13139_p0_b1_c0.jpg
5227,image_13139_p0_b1_c0.jpg,image_13139_p0_b0_c7.jpg
5228,image_13144_p0_b0_c7.jpg,image_13144_p0_b1_c0.jpg
5229,image_13144_p0_b1_c0.jpg,image_13144_p0_b0_c7.jpg
5230,image_13154_p0_b0_c7.jpg,image_13154_p0_b1_c0.jpg
5231,image_13154_p0_b1_c0.jpg,image_13154_p0_b0_c7.jpg
5232,image_13158_p0_b0_c7.jpg,image_13158_p0_b1_c0.jpg
5233,image_13158_p0_b1_c0.jpg,image_13158_p0_b0_c7.jpg
5234,image_13162_p0_b0_c7.jpg,image_13162_p0_b1_c0.jpg
5235,image_13162_p0_b1_c0.jpg,image_13162_p0_b0_c7.jpg
5236,image_13165_p0_b0_c7.jpg,image_13165_p0_b1_c0.jpg
5237,image_13165_p0_b1_c0.jpg,image_13165_p0_b0_c7.jpg
5238,image_13171_p0_b0_c7.jpg,image_13171_p0_b1_c0.jpg
5239,image_13171_p0_b1_c0.jpg,image_13171_p0_b0_c7.jpg
5240,image_13182_p0_b0_c7.jpg,image_13182_p0_b1_c0.jpg
5241,image_13182_p0_b1_c0.jpg,image_13182_p0_b0_c7.jpg
5242,image_13191_p0_b0_c7.jpg,image_13191_p0_b1_c0.jpg
5243,image_13191_p0_b1_c0.jpg,image_13191_p0_b0_c7.jpg
5244,image_13193_p0_b0_c7.jpg,image_13193_p0_b1_c0.jpg
5245,image_13193_p0_b1_c0.jpg,image_13193_p0_b0_c7.jpg
5246,image_13194_p0_b0_c7.jpg,image_13194_p0_b1_c0.jpg
5247,image_13194_p0_b1_c0.jpg,image_13194_p0_b0_c7.jpg
5248,image_13196_p0_b0_c7.jpg,image_13196_p0_b1_c0.jpg
5249,image_13196_p0_b1_c0.jpg,image_13196_p0_b0_c7.jpg
5250,image_13206_p0_b0_c7.jpg,image_13206_p0_b1_c0.jpg
5251,image_13206_p0_b1_c0.jpg,image_13206_p0_b0_c7.jpg
5252,image_13209_p0_b0_c0.jpg,image_13209_p0_b2_c8.jpg
5253,image_13209_p0_b2_c8.jpg,image_13209_p0_b0_c0.jpg
5254,image_13211_p0_b0_c7.jpg,image_13211_p0_b1_c0.jpg
5255,image_13211_p0_b1_c0.jpg,image_13211_p0_b0_c7.jpg
5256,image_13212_p0_b1_c6.jpg,image_13212_p0_b2_c0.jpg
5257,image_13212_p0_b2_c0.jpg,image_13212_p0_b1_c6.jpg
5258,image_13217_p0_b0_c7.jpg,image_13217_p0_b1_c0.jpg
5259,image_13217_p0_b1_c0.jpg,image_13217_p0_b0_c7.jpg
5260,image_13219_p0_b0_c7.jpg,image_13219_p0_b1_c0.jpg
5261,image_13219_p0_b1_c0.jpg,image_13219_p0_b0_c7.jpg
5262,image_13229_p0_b0_c7.jpg,image_13229_p0_b1_c0.jpg
5263,image_13229_p0_b1_c0.jpg,image_13229_p0_b0_c7.jpg
5264,image_13230_p0_b0_c7.jpg,image_13230_p0_b1_c0.jpg
5265,image_13230_p0_b1_c0.jpg,image_13230_p0_b0_c7.jpg
5266,image_13240_p0_b0_c7.jpg,image_13240_p0_b1_c0.jpg
5267,image_13240_p0_b1_c0.jpg,image_13240_p0_b0_c7.jpg
5268,image_13241_p0_b0_c7.jpg,image_13241_p0_b1_c0.jpg
5269,image_13241_p0_b1_c0.jpg,image_13241_p0_b0_c7.jpg
5270,image_13246_p0_b0_c7.jpg,image_13246_p0_b1_c0.jpg
5271,image_13246_p0_b1_c0.jpg,image_13246_p0_b0_c7.jpg
5272,image_13253_p0_b0_c7.jpg,image_13253_p0_b1_c0.jpg
5273,image_13253_p0_b1_c0.jpg,image_13253_p0_b0_c7.jpg
5274,image_13258_p0_b0_c7.jpg,image_13258_p0_b1_c0.jpg
5275,image_13258_p0_b1_c0.jpg,image_13258_p0_b0_c7.jpg
5276,image_13262_p0_b0_c7.jpg,image_13262_p0_b2_c0.jpg
5277,image_13262_p0_b2_c0.jpg,image_13262_p0_b0_c7.jpg
5278,image_13271_p0_b0_c7.jpg,image_13271_p0_b1_c0.jpg
5279,image_13271_p0_b1_c0.jpg,image_13271_p0_b0_c7.jpg
5280,image_13277_p0_b0_c7.jpg,image_13277_p0_b1_c0.jpg
5281,image_13277_p0_b1_c0.jpg,image_13277_p0_b0_c7.jpg
5282,image_13286_p0_b0_c7.jpg,image_13286_p0_b1_c0.jpg
5283,image_13286_p0_b1_c0.jpg,image_13286_p0_b0_c7.jpg
5284,image_13294_p0_b0_c7.jpg,image_13294_p0_b1_c0.jpg
5285,image_13294_p0_b1_c0.jpg,image_13294_p0_b0_c7.jpg
5286,image_13296_p0_b0_c7.jpg,image_13296_p0_b1_c0.jpg
5287,image_13296_p0_b1_c0.jpg,image_13296_p0_b0_c7.jpg
5288,image_13305_p0_b0_c7.jpg,image_13305_p0_b1_c0.jpg
5289,image_13305_p0_b1_c0.jpg,image_13305_p0_b0_c7.jpg
5290,image_13317_p0_b0_c6.jpg,image_13317_p0_b1_c0.jpg
5291,image_13317_p0_b1_c0.jpg,image_13317_p0_b0_c6.jpg
5292,image_13320_p0_b0_c6.jpg,image_13320_p0_b1_c0.jpg
5293,image_13320_p0_b1_c0.jpg,image_13320_p0_b0_c6.jpg
5294,image_13326_p0_b0_c7.jpg,image_13326_p0_b1_c0.jpg
5295,image_13326_p0_b1_c0.jpg,image_13326_p0_b0_c7.jpg
5296,image_13329_p0_b0_c7.jpg,image_13329_p0_b1_c8.jpg
5297,image_13329_p0_b1_c8.jpg,image_13329_p0_b0_c7.jpg
5298,image_13331_p0_b0_c7.jpg,image_13331_p0_b1_c0.jpg
5299,image_13331_p0_b1_c0.jpg,image_13331_p0_b0_c7.jpg
5300,image_13334_p0_b0_c7.jpg,image_13334_p0_b1_c0.jpg
5301,image_13334_p0_b1_c0.jpg,image_13334_p0_b0_c7.jpg
5302,image_13343_p0_b0_c7.jpg,image_13343_p0_b1_c0.jpg
5303,image_13343_p0_b1_c0.jpg,image_13343_p0_b0_c7.jpg
5304,image_13347_p0_b0_c7.jpg,image_13347_p0_b1_c0.jpg
5305,image_13347_p0_b1_c0.jpg,image_13347_p0_b0_c7.jpg
5306,image_13348_p0_b0_c7.jpg,image_13348_p0_b1_c0.jpg
5307,image_13348_p0_b1_c0.jpg,image_13348_p0_b0_c7.jpg
5308,image_13349_p0_b0_c6.jpg,image_13349_p0_b2_c0.jpg
5309,image_13349_p0_b2_c0.jpg,image_13349_p0_b0_c6.jpg
5310,image_13353_p0_b0_c7.jpg,image_13353_p0_b1_c0.jpg
5311,image_13353_p0_b1_c0.jpg,image_13353_p0_b0_c7.jpg
5312,image_13357_p1_b0_c7.jpg,image_13357_p1_b1_c0.jpg
5313,image_13357_p1_b1_c0.jpg,image_13357_p1_b0_c7.jpg
5314,image_13361_p0_b0_c7.jpg,image_13361_p0_b1_c0.jpg
5315,image_13361_p0_b1_c0.jpg,image_13361_p0_b0_c7.jpg
5316,image_13363_p0_b0_c7.jpg,image_13363_p0_b1_c0.jpg
5317,image_13363_p0_b1_c0.jpg,image_13363_p0_b0_c7.jpg
5318,image_13369_p0_b0_c7.jpg,image_13369_p0_b1_c1.jpg
5319,image_13369_p0_b1_c1.jpg,image_13369_p0_b0_c7.jpg
5320,image_13373_p0_b1_c7.jpg,image_13373_p0_b2_c0.jpg
5321,image_13373_p0_b2_c0.jpg,image_13373_p0_b1_c7.jpg
5322,image_13376_p0_b0_c7.jpg,image_13376_p0_b1_c0.jpg
5323,image_13376_p0_b1_c0.jpg,image_13376_p0_b0_c7.jpg
5324,image_13378_p0_b0_c7.jpg,image_13378_p0_b1_c0.jpg
5325,image_13378_p0_b1_c0.jpg,image_13378_p0_b0_c7.jpg
5326,image_13387_p0_b0_c7.jpg,image_13387_p0_b1_c0.jpg
5327,image_13387_p0_b1_c0.jpg,image_13387_p0_b0_c7.jpg
5328,image_13406_p0_b0_c7.jpg,image_13406_p0_b1_c0.jpg
5329,image_13406_p0_b1_c0.jpg,image_13406_p0_b0_c7.jpg
5330,image_13409_p0_b0_c7.jpg,image_13409_p0_b1_c0.jpg
5331,image_13409_p0_b1_c0.jpg,image_13409_p0_b0_c7.jpg
5332,image_13410_p0_b0_c7.jpg,image_13410_p0_b1_c0.jpg
5333,image_13410_p0_b1_c0.jpg,image_13410_p0_b0_c7.jpg
5334,image_13414_p0_b0_c7.jpg,image_13414_p0_b1_c0.jpg
5335,image_13414_p0_b1_c0.jpg,image_13414_p0_b0_c7.jpg
5336,image_13415_p0_b0_c7.jpg,image_13415_p0_b2_c0.jpg
5337,image_13415_p0_b2_c0.jpg,image_13415_p0_b0_c7.jpg
5338,image_13418_p0_b0_c7.jpg,image_13418_p0_b1_c0.jpg
5339,image_13418_p0_b1_c0.jpg,image_13418_p0_b0_c7.jpg
5340,image_13419_p0_b0_c7.jpg,image_13419_p0_b2_c0.jpg
5341,image_13419_p0_b2_c0.jpg,image_13419_p0_b0_c7.jpg
5342,image_13420_p0_b0_c7.jpg,image_13420_p0_b1_c0.jpg
5343,image_13420_p0_b1_c0.jpg,image_13420_p0_b0_c7.jpg
5344,image_13442_p0_b0_c7.jpg,image_13442_p0_b1_c0.jpg
5345,image_13442_p0_b1_c0.jpg,image_13442_p0_b0_c7.jpg
5346,image_13445_p0_b0_c7.jpg,image_13445_p0_b1_c0.jpg
5347,image_13445_p0_b1_c0.jpg,image_13445_p0_b0_c7.jpg
5348,image_13449_p0_b0_c7.jpg,image_13449_p0_b1_c0.jpg
5349,image_13449_p0_b1_c0.jpg,image_13449_p0_b0_c7.jpg
5350,image_13451_p0_b0_c7.jpg,image_13451_p0_b1_c0.jpg
5351,image_13451_p0_b1_c0.jpg,image_13451_p0_b0_c7.jpg
5352,image_13460_p0_b0_c7.jpg,image_13460_p0_b1_c0.jpg
5353,image_13460_p0_b1_c0.jpg,image_13460_p0_b0_c7.jpg
5354,image_13463_p0_b0_c7.jpg,image_13463_p0_b1_c0.jpg
5355,image_13463_p0_b1_c0.jpg,image_13463_p0_b0_c7.jpg
5356,image_13465_p0_b0_c7.jpg,image_13465_p0_b1_c0.jpg
5357,image_13465_p0_b1_c0.jpg,image_13465_p0_b0_c7.jpg
5358,image_13466_p0_b0_c7.jpg,image_13466_p0_b1_c0.jpg
5359,image_13466_p0_b1_c0.jpg,image_13466_p0_b0_c7.jpg
5360,image_13467_p0_b0_c6.jpg,image_13467_p0_b1_c0.jpg
5361,image_13467_p0_b1_c0.jpg,image_13467_p0_b0_c6.jpg
5362,image_13467_p1_b0_c0.jpg,image_13467_p1_b1_c6.jpg
5363,image_13467_p1_b1_c6.jpg,image_13467_p1_b0_c0.jpg
5364,image_13468_p0_b0_c7.jpg,image_13468_p0_b2_c1.jpg
5365,image_13468_p0_b2_c1.jpg,image_13468_p0_b0_c7.jpg
5366,image_13470_p0_b1_c6.jpg,image_13470_p0_b2_c0.jpg
5367,image_13470_p0_b2_c0.jpg,image_13470_p0_b1_c6.jpg
5368,image_13477_p1_b0_c7.jpg,image_13477_p1_b1_c0.jpg
5369,image_13477_p1_b1_c0.jpg,image_13477_p1_b0_c7.jpg
5370,image_13481_p0_b0_c7.jpg,image_13481_p0_b1_c0.jpg
5371,image_13481_p0_b1_c0.jpg,image_13481_p0_b0_c7.jpg
5372,image_13486_p0_b0_c7.jpg,image_13486_p0_b1_c0.jpg
5373,image_13486_p0_b1_c0.jpg,image_13486_p0_b0_c7.jpg
5374,image_13487_p0_b0_c7.jpg,image_13487_p0_b1_c0.jpg
5375,image_13487_p0_b1_c0.jpg,image_13487_p0_b0_c7.jpg
5376,image_13488_p0_b0_c7.jpg,image_13488_p0_b1_c0.jpg
5377,image_13488_p0_b1_c0.jpg,image_13488_p0_b0_c7.jpg
5378,image_13492_p0_b0_c7.jpg,image_13492_p0_b1_c0.jpg
5379,image_13492_p0_b1_c0.jpg,image_13492_p0_b0_c7.jpg
5380,image_13494_p0_b0_c7.jpg,image_13494_p0_b1_c0.jpg
5381,image_13494_p0_b1_c0.jpg,image_13494_p0_b0_c7.jpg
5382,image_13496_p0_b0_c7.jpg,image_13496_p0_b1_c0.jpg
5383,image_13496_p0_b1_c0.jpg,image_13496_p0_b0_c7.jpg
5384,image_13498_p0_b0_c7.jpg,image_13498_p0_b1_c0.jpg
5385,image_13498_p0_b1_c0.jpg,image_13498_p0_b0_c7.jpg
5386,image_13500_p1_b1_c7.jpg,image_13500_p1_b2_c0.jpg
5387,image_13500_p1_b2_c0.jpg,image_13500_p1_b1_c7.jpg
5388,image_13502_p0_b0_c7.jpg,image_13502_p0_b1_c0.jpg
5389,image_13502_p0_b1_c0.jpg,image_13502_p0_b0_c7.jpg
5390,image_13506_p0_b0_c7.jpg,image_13506_p0_b1_c0.jpg
5391,image_13506_p0_b1_c0.jpg,image_13506_p0_b0_c7.jpg
5392,image_13511_p0_b0_c7.jpg,image_13511_p0_b1_c0.jpg
5393,image_13511_p0_b1_c0.jpg,image_13511_p0_b0_c7.jpg
5394,image_13528_p0_b0_c7.jpg,image_13528_p0_b1_c0.jpg
5395,image_13528_p0_b1_c0.jpg,image_13528_p0_b0_c7.jpg
5396,image_13532_p0_b0_c7.jpg,image_13532_p0_b1_c0.jpg
5397,image_13532_p0_b1_c0.jpg,image_13532_p0_b0_c7.jpg
5398,image_13540_p0_b0_c7.jpg,image_13540_p0_b1_c0.jpg
5399,image_13540_p0_b1_c0.jpg,image_13540_p0_b0_c7.jpg
5400,image_13549_p0_b0_c7.jpg,image_13549_p0_b1_c0.jpg
5401,image_13549_p0_b1_c0.jpg,image_13549_p0_b0_c7.jpg
5402,image_13550_p0_b0_c7.jpg,image_13550_p0_b1_c0.jpg
5403,image_13550_p0_b1_c0.jpg,image_13550_p0_b0_c7.jpg
5404,image_13551_p1_b0_c7.jpg,image_13551_p1_b1_c0.jpg
5405,image_13551_p1_b1_c0.jpg,image_13551_p1_b0_c7.jpg
5406,image_13553_p0_b0_c7.jpg,image_13553_p0_b1_c0.jpg
5407,image_13553_p0_b1_c0.jpg,image_13553_p0_b0_c7.jpg
5408,image_13563_p0_b0_c7.jpg,image_13563_p0_b1_c0.jpg
5409,image_13563_p0_b1_c0.jpg,image_13563_p0_b0_c7.jpg
5410,image_13570_p0_b0_c7.jpg,image_13570_p0_b1_c0.jpg
5411,image_13570_p0_b1_c0.jpg,image_13570_p0_b0_c7.jpg
5412,image_13573_p0_b0_c7.jpg,image_13573_p0_b1_c0.jpg
5413,image_13573_p0_b1_c0.jpg,image_13573_p0_b0_c7.jpg
5414,image_13576_p0_b0_c7.jpg,image_13576_p0_b1_c0.jpg
5415,image_13576_p0_b1_c0.jpg,image_13576_p0_b0_c7.jpg
5416,image_13597_p0_b0_c7.jpg,image_13597_p0_b1_c0.jpg
5417,image_13597_p0_b1_c0.jpg,image_13597_p0_b0_c7.jpg
5418,image_13607_p0_b0_c7.jpg,image_13607_p0_b1_c1.jpg
5419,image_13607_p0_b1_c1.jpg,image_13607_p0_b0_c7.jpg
5420,image_13609_p0_b0_c7.jpg,image_13609_p0_b1_c0.jpg
5421,image_13609_p0_b1_c0.jpg,image_13609_p0_b0_c7.jpg
5422,image_13616_p0_b0_c7.jpg,image_13616_p0_b2_c0.jpg
5423,image_13616_p0_b2_c0.jpg,image_13616_p0_b0_c7.jpg
5424,image_13619_p0_b0_c7.jpg,image_13619_p0_b1_c0.jpg
5425,image_13619_p0_b1_c0.jpg,image_13619_p0_b0_c7.jpg
5426,image_13621_p0_b0_c7.jpg,image_13621_p0_b1_c0.jpg
5427,image_13621_p0_b1_c0.jpg,image_13621_p0_b0_c7.jpg
5428,image_13642_p0_b0_c7.jpg,image_13642_p0_b1_c0.jpg
5429,image_13642_p0_b1_c0.jpg,image_13642_p0_b0_c7.jpg
5430,image_13644_p0_b0_c7.jpg,image_13644_p0_b1_c0.jpg
5431,image_13644_p0_b1_c0.jpg,image_13644_p0_b0_c7.jpg
5432,image_13645_p0_b0_c6.jpg,image_13645_p0_b1_c0.jpg
5433,image_13645_p0_b1_c0.jpg,image_13645_p0_b0_c6.jpg
5434,image_13646_p0_b0_c7.jpg,image_13646_p0_b1_c0.jpg
5435,image_13646_p0_b1_c0.jpg,image_13646_p0_b0_c7.jpg
5436,image_13653_p0_b0_c7.jpg,image_13653_p0_b1_c0.jpg
5437,image_13653_p0_b1_c0.jpg,image_13653_p0_b0_c7.jpg
5438,image_13663_p0_b0_c0.jpg,image_13663_p0_b1_c7.jpg
5439,image_13663_p0_b1_c7.jpg,image_13663_p0_b0_c0.jpg
5440,image_13664_p0_b0_c6.jpg,image_13664_p0_b1_c0.jpg
5441,image_13664_p0_b1_c0.jpg,image_13664_p0_b0_c6.jpg
5442,image_13665_p0_b0_c7.jpg,image_13665_p0_b1_c0.jpg
5443,image_13665_p0_b1_c0.jpg,image_13665_p0_b0_c7.jpg
5444,image_13666_p0_b0_c7.jpg,image_13666_p0_b1_c0.jpg
5445,image_13666_p0_b1_c0.jpg,image_13666_p0_b0_c7.jpg
5446,image_13674_p0_b0_c7.jpg,image_13674_p1_b0_c0.jpg
5447,image_13674_p1_b0_c0.jpg,image_13674_p0_b0_c7.jpg
5448,image_13686_p0_b0_c7.jpg,image_13686_p0_b1_c0.jpg
5449,image_13686_p0_b1_c0.jpg,image_13686_p0_b0_c7.jpg
5450,image_13697_p0_b0_c7.jpg,image_13697_p0_b1_c0.jpg
5451,image_13697_p0_b1_c0.jpg,image_13697_p0_b0_c7.jpg
5452,image_13698_p0_b0_c7.jpg,image_13698_p0_b1_c0.jpg
5453,image_13698_p0_b1_c0.jpg,image_13698_p0_b0_c7.jpg
5454,image_13700_p0_b0_c7.jpg,image_13700_p0_b1_c0.jpg
5455,image_13700_p0_b1_c0.jpg,image_13700_p0_b0_c7.jpg
5456,image_13706_p0_b0_c7.jpg,image_13706_p0_b1_c0.jpg
5457,image_13706_p0_b1_c0.jpg,image_13706_p0_b0_c7.jpg
5458,image_13708_p0_b0_c7.jpg,image_13708_p0_b1_c0.jpg
5459,image_13708_p0_b1_c0.jpg,image_13708_p0_b0_c7.jpg
5460,image_13714_p0_b0_c7.jpg,image_13714_p0_b1_c0.jpg
5461,image_13714_p0_b1_c0.jpg,image_13714_p0_b0_c7.jpg
5462,image_13719_p0_b0_c7.jpg,image_13719_p0_b4_c0.jpg
5463,image_13719_p0_b4_c0.jpg,image_13719_p0_b0_c7.jpg
5464,image_13721_p0_b1_c0.jpg,image_13721_p1_b0_c7.jpg
5465,image_13721_p1_b0_c7.jpg,image_13721_p0_b1_c0.jpg
5466,image_13728_p0_b0_c7.jpg,image_13728_p0_b1_c0.jpg
5467,image_13728_p0_b1_c0.jpg,image_13728_p0_b0_c7.jpg
5468,image_13733_p0_b0_c7.jpg,image_13733_p0_b2_c0.jpg
5469,image_13733_p0_b2_c0.jpg,image_13733_p0_b0_c7.jpg
5470,image_13739_p0_b0_c7.jpg,image_13739_p0_b1_c0.jpg
5471,image_13739_p0_b1_c0.jpg,image_13739_p0_b0_c7.jpg
5472,image_13745_p0_b0_c7.jpg,image_13745_p0_b1_c0.jpg
5473,image_13745_p0_b1_c0.jpg,image_13745_p0_b0_c7.jpg
5474,image_13747_p0_b0_c6.jpg,image_13747_p0_b2_c0.jpg
5475,image_13747_p0_b2_c0.jpg,image_13747_p0_b0_c6.jpg
5476,image_13750_p0_b0_c7.jpg,image_13750_p0_b1_c0.jpg
5477,image_13750_p0_b1_c0.jpg,image_13750_p0_b0_c7.jpg
5478,image_13752_p0_b0_c7.jpg,image_13752_p0_b1_c0.jpg
5479,image_13752_p0_b1_c0.jpg,image_13752_p0_b0_c7.jpg
5480,image_13753_p0_b0_c7.jpg,image_13753_p0_b1_c0.jpg
5481,image_13753_p0_b1_c0.jpg,image_13753_p0_b0_c7.jpg
5482,image_13758_p0_b0_c7.jpg,image_13758_p0_b1_c0.jpg
5483,image_13758_p0_b1_c0.jpg,image_13758_p0_b0_c7.jpg
5484,image_13761_p0_b0_c7.jpg,image_13761_p0_b1_c1.jpg
5485,image_13761_p0_b1_c1.jpg,image_13761_p0_b0_c7.jpg
5486,image_13765_p0_b0_c7.jpg,image_13765_p0_b1_c0.jpg
5487,image_13765_p0_b1_c0.jpg,image_13765_p0_b0_c7.jpg
5488,image_13766_p0_b0_c7.jpg,image_13766_p0_b1_c0.jpg
5489,image_13766_p0_b1_c0.jpg,image_13766_p0_b0_c7.jpg
5490,image_13768_p0_b0_c7.jpg,image_13768_p0_b1_c0.jpg
5491,image_13768_p0_b1_c0.jpg,image_13768_p0_b0_c7.jpg
5492,image_13771_p0_b0_c6.jpg,image_13771_p0_b2_c0.jpg
5493,image_13771_p0_b2_c0.jpg,image_13771_p0_b0_c6.jpg
5494,image_13776_p0_b0_c7.jpg,image_13776_p0_b1_c0.jpg
5495,image_13776_p0_b1_c0.jpg,image_13776_p0_b0_c7.jpg
5496,image_13786_p0_b0_c7.jpg,image_13786_p0_b1_c0.jpg
5497,image_13786_p0_b1_c0.jpg,image_13786_p0_b0_c7.jpg
5498,image_13788_p0_b0_c7.jpg,image_13788_p0_b1_c0.jpg
5499,image_13788_p0_b1_c0.jpg,image_13788_p0_b0_c7.jpg
5500,image_13795_p0_b0_c6.jpg,image_13795_p0_b2_c0.jpg
5501,image_13795_p0_b2_c0.jpg,image_13795_p0_b0_c6.jpg
5502,image_13796_p0_b0_c7.jpg,image_13796_p0_b1_c0.jpg
5503,image_13796_p0_b1_c0.jpg,image_13796_p0_b0_c7.jpg
5504,image_13797_p0_b0_c7.jpg,image_13797_p0_b1_c0.jpg
5505,image_13797_p0_b1_c0.jpg,image_13797_p0_b0_c7.jpg
5506,image_13801_p0_b0_c7.jpg,image_13801_p0_b1_c0.jpg
5507,image_13801_p0_b1_c0.jpg,image_13801_p0_b0_c7.jpg
5508,image_13806_p0_b0_c7.jpg,image_13806_p0_b1_c0.jpg
5509,image_13806_p0_b1_c0.jpg,image_13806_p0_b0_c7.jpg
5510,image_13814_p0_b0_c7.jpg,image_13814_p0_b1_c0.jpg
5511,image_13814_p0_b1_c0.jpg,image_13814_p0_b0_c7.jpg
5512,image_13835_p0_b0_c0.jpg,image_13835_p0_b1_c7.jpg
5513,image_13835_p0_b1_c7.jpg,image_13835_p0_b0_c0.jpg
5514,image_13836_p0_b0_c7.jpg,image_13836_p0_b1_c0.jpg
5515,image_13836_p0_b1_c0.jpg,image_13836_p0_b0_c7.jpg
5516,image_13841_p0_b0_c7.jpg,image_13841_p0_b1_c0.jpg
5517,image_13841_p0_b1_c0.jpg,image_13841_p0_b0_c7.jpg
5518,image_13845_p0_b0_c7.jpg,image_13845_p0_b1_c0.jpg
5519,image_13845_p0_b1_c0.jpg,image_13845_p0_b0_c7.jpg
5520,image_13851_p0_b0_c8.jpg,image_13851_p0_b1_c0.jpg
5521,image_13851_p0_b1_c0.jpg,image_13851_p0_b0_c8.jpg
5522,image_13857_p2_b0_c7.jpg,image_13857_p2_b1_c0.jpg
5523,image_13857_p2_b1_c0.jpg,image_13857_p2_b0_c7.jpg
5524,image_13858_p0_b0_c7.jpg,image_13858_p0_b1_c0.jpg
5525,image_13858_p0_b1_c0.jpg,image_13858_p0_b0_c7.jpg
5526,image_13859_p0_b0_c7.jpg,image_13859_p0_b1_c0.jpg
5527,image_13859_p0_b1_c0.jpg,image_13859_p0_b0_c7.jpg
5528,image_13860_p0_b0_c7.jpg,image_13860_p0_b1_c0.jpg
5529,image_13860_p0_b1_c0.jpg,image_13860_p0_b0_c7.jpg
5530,image_13865_p0_b0_c7.jpg,image_13865_p0_b1_c0.jpg
5531,image_13865_p0_b1_c0.jpg,image_13865_p0_b0_c7.jpg
5532,image_13866_p0_b0_c7.jpg,image_13866_p0_b1_c0.jpg
5533,image_13866_p0_b1_c0.jpg,image_13866_p0_b0_c7.jpg
5534,image_13867_p0_b0_c7.jpg,image_13867_p0_b1_c0.jpg
5535,image_13867_p0_b1_c0.jpg,image_13867_p0_b0_c7.jpg
5536,image_13872_p0_b0_c7.jpg,image_13872_p0_b1_c0.jpg
5537,image_13872_p0_b1_c0.jpg,image_13872_p0_b0_c7.jpg
5538,image_13878_p0_b0_c7.jpg,image_13878_p0_b1_c0.jpg
5539,image_13878_p0_b1_c0.jpg,image_13878_p0_b0_c7.jpg
5540,image_13895_p0_b0_c7.jpg,image_13895_p0_b1_c0.jpg
5541,image_13895_p0_b1_c0.jpg,image_13895_p0_b0_c7.jpg
5542,image_13914_p0_b0_c7.jpg,image_13914_p0_b1_c0.jpg
5543,image_13914_p0_b1_c0.jpg,image_13914_p0_b0_c7.jpg
5544,image_13925_p0_b0_c7.jpg,image_13925_p0_b1_c0.jpg
5545,image_13925_p0_b1_c0.jpg,image_13925_p0_b0_c7.jpg
5546,image_13926_p0_b0_c7.jpg,image_13926_p0_b1_c0.jpg
5547,image_13926_p0_b1_c0.jpg,image_13926_p0_b0_c7.jpg
5548,image_13927_p0_b0_c7.jpg,image_13927_p0_b1_c0.jpg
5549,image_13927_p0_b1_c0.jpg,image_13927_p0_b0_c7.jpg
5550,image_13930_p0_b0_c7.jpg,image_13930_p0_b1_c0.jpg
5551,image_13930_p0_b1_c0.jpg,image_13930_p0_b0_c7.jpg
5552,image_13933_p0_b0_c7.jpg,image_13933_p0_b1_c0.jpg
5553,image_13933_p0_b1_c0.jpg,image_13933_p0_b0_c7.jpg
5554,image_13934_p0_b0_c7.jpg,image_13934_p0_b2_c0.jpg
5555,image_13934_p0_b2_c0.jpg,image_13934_p0_b0_c7.jpg
5556,image_13941_p0_b0_c0.jpg,image_13941_p0_b1_c7.jpg
5557,image_13941_p0_b1_c7.jpg,image_13941_p0_b0_c0.jpg
5558,image_13943_p0_b0_c7.jpg,image_13943_p0_b1_c0.jpg
5559,image_13943_p0_b1_c0.jpg,image_13943_p0_b0_c7.jpg
5560,image_13958_p0_b0_c7.jpg,image_13958_p0_b1_c0.jpg
5561,image_13958_p0_b1_c0.jpg,image_13958_p0_b0_c7.jpg
5562,image_13959_p0_b0_c7.jpg,image_13959_p0_b1_c0.jpg
5563,image_13959_p0_b1_c0.jpg,image_13959_p0_b0_c7.jpg
5564,image_13960_p0_b0_c6.jpg,image_13960_p0_b2_c0.jpg
5565,image_13960_p0_b2_c0.jpg,image_13960_p0_b0_c6.jpg
5566,image_13966_p0_b0_c7.jpg,image_13966_p0_b1_c0.jpg
5567,image_13966_p0_b1_c0.jpg,image_13966_p0_b0_c7.jpg
5568,image_13968_p0_b0_c7.jpg,image_13968_p0_b1_c0.jpg
5569,image_13968_p0_b1_c0.jpg,image_13968_p0_b0_c7.jpg
5570,image_13969_p0_b0_c7.jpg,image_13969_p0_b1_c0.jpg
5571,image_13969_p0_b1_c0.jpg,image_13969_p0_b0_c7.jpg
5572,image_13979_p0_b0_c7.jpg,image_13979_p0_b2_c0.jpg
5573,image_13979_p0_b2_c0.jpg,image_13979_p0_b0_c7.jpg
5574,image_13980_p0_b0_c7.jpg,image_13980_p0_b1_c0.jpg
5575,image_13980_p0_b1_c0.jpg,image_13980_p0_b0_c7.jpg
5576,image_13985_p0_b0_c7.jpg,image_13985_p0_b1_c0.jpg
5577,image_13985_p0_b1_c0.jpg,image_13985_p0_b0_c7.jpg
5578,image_13991_p0_b0_c7.jpg,image_13991_p0_b1_c0.jpg
5579,image_13991_p0_b1_c0.jpg,image_13991_p0_b0_c7.jpg
5580,image_14014_p0_b0_c7.jpg,image_14014_p0_b1_c0.jpg
5581,image_14014_p0_b1_c0.jpg,image_14014_p0_b0_c7.jpg
5582,image_14016_p0_b0_c7.jpg,image_14016_p0_b1_c0.jpg
5583,image_14016_p0_b1_c0.jpg,image_14016_p0_b0_c7.jpg
5584,image_14028_p0_b0_c7.jpg,image_14028_p0_b1_c0.jpg
5585,image_14028_p0_b1_c0.jpg,image_14028_p0_b0_c7.jpg
5586,image_14032_p0_b0_c7.jpg,image_14032_p0_b1_c0.jpg
5587,image_14032_p0_b1_c0.jpg,image_14032_p0_b0_c7.jpg
5588,image_14041_p0_b0_c7.jpg,image_14041_p0_b1_c0.jpg
5589,image_14041_p0_b1_c0.jpg,image_14041_p0_b0_c7.jpg
5590,image_14042_p0_b0_c7.jpg,image_14042_p0_b1_c0.jpg
5591,image_14042_p0_b1_c0.jpg,image_14042_p0_b0_c7.jpg
5592,image_14045_p0_b0_c7.jpg,image_14045_p0_b1_c0.jpg
5593,image_14045_p0_b1_c0.jpg,image_14045_p0_b0_c7.jpg
5594,image_14048_p0_b0_c7.jpg,image_14048_p0_b1_c0.jpg
5595,image_14048_p0_b1_c0.jpg,image_14048_p0_b0_c7.jpg
5596,image_14055_p0_b0_c0.jpg,image_14055_p0_b1_c6.jpg
5597,image_14055_p0_b1_c6.jpg,image_14055_p0_b0_c0.jpg
5598,image_14056_p0_b0_c7.jpg,image_14056_p0_b1_c0.jpg
5599,image_14056_p0_b1_c0.jpg,image_14056_p0_b0_c7.jpg
5600,image_14062_p2_b0_c7.jpg,image_14062_p2_b1_c0.jpg
5601,image_14062_p2_b1_c0.jpg,image_14062_p2_b0_c7.jpg
5602,image_14063_p0_b0_c7.jpg,image_14063_p0_b1_c0.jpg
5603,image_14063_p0_b1_c0.jpg,image_14063_p0_b0_c7.jpg
5604,image_14070_p0_b0_c7.jpg,image_14070_p0_b1_c0.jpg
5605,image_14070_p0_b1_c0.jpg,image_14070_p0_b0_c7.jpg
5606,image_14070_p1_b0_c7.jpg,image_14070_p1_b1_c0.jpg
5607,image_14070_p1_b1_c0.jpg,image_14070_p1_b0_c7.jpg
5608,image_14075_p0_b0_c7.jpg,image_14075_p0_b2_c0.jpg
5609,image_14075_p0_b2_c0.jpg,image_14075_p0_b0_c7.jpg
5610,image_14087_p0_b0_c7.jpg,image_14087_p0_b1_c0.jpg
5611,image_14087_p0_b1_c0.jpg,image_14087_p0_b0_c7.jpg
5612,image_14094_p0_b0_c0.jpg,image_14094_p0_b1_c7.jpg
5613,image_14094_p0_b1_c7.jpg,image_14094_p0_b0_c0.jpg
5614,image_14098_p0_b0_c7.jpg,image_14098_p0_b1_c0.jpg
5615,image_14098_p0_b1_c0.jpg,image_14098_p0_b0_c7.jpg
5616,image_14100_p0_b0_c7.jpg,image_14100_p0_b1_c0.jpg
5617,image_14100_p0_b1_c0.jpg,image_14100_p0_b0_c7.jpg
5618,image_14103_p0_b0_c7.jpg,image_14103_p0_b1_c0.jpg
5619,image_14103_p0_b1_c0.jpg,image_14103_p0_b0_c7.jpg
5620,image_14103_p1_b0_c7.jpg,image_14103_p1_b1_c0.jpg
5621,image_14103_p1_b1_c0.jpg,image_14103_p1_b0_c7.jpg
5622,image_14107_p0_b0_c7.jpg,image_14107_p0_b1_c0.jpg
5623,image_14107_p0_b1_c0.jpg,image_14107_p0_b0_c7.jpg
5624,image_14112_p0_b0_c7.jpg,image_14112_p0_b1_c0.jpg
5625,image_14112_p0_b1_c0.jpg,image_14112_p0_b0_c7.jpg
5626,image_14127_p0_b0_c7.jpg,image_14127_p0_b1_c0.jpg
5627,image_14127_p0_b1_c0.jpg,image_14127_p0_b0_c7.jpg
5628,image_14129_p0_b0_c7.jpg,image_14129_p0_b1_c0.jpg
5629,image_14129_p0_b1_c0.jpg,image_14129_p0_b0_c7.jpg
5630,image_14130_p0_b0_c7.jpg,image_14130_p0_b1_c0.jpg
5631,image_14130_p0_b1_c0.jpg,image_14130_p0_b0_c7.jpg
5632,image_14134_p0_b0_c7.jpg,image_14134_p0_b1_c0.jpg
5633,image_14134_p0_b1_c0.jpg,image_14134_p0_b0_c7.jpg
5634,image_14145_p0_b0_c7.jpg,image_14145_p0_b1_c0.jpg
5635,image_14145_p0_b1_c0.jpg,image_14145_p0_b0_c7.jpg
5636,image_14146_p0_b0_c7.jpg,image_14146_p0_b1_c0.jpg
5637,image_14146_p0_b1_c0.jpg,image_14146_p0_b0_c7.jpg
5638,image_14152_p0_b0_c7.jpg,image_14152_p0_b1_c0.jpg
5639,image_14152_p0_b1_c0.jpg,image_14152_p0_b0_c7.jpg
5640,image_14155_p0_b0_c7.jpg,image_14155_p0_b1_c0.jpg
5641,image_14155_p0_b1_c0.jpg,image_14155_p0_b0_c7.jpg
5642,image_14156_p1_b0_c7.jpg,image_14156_p1_b1_c0.jpg
5643,image_14156_p1_b1_c0.jpg,image_14156_p1_b0_c7.jpg
5644,image_14161_p0_b0_c7.jpg,image_14161_p0_b1_c0.jpg
5645,image_14161_p0_b1_c0.jpg,image_14161_p0_b0_c7.jpg
5646,image_14162_p0_b0_c7.jpg,image_14162_p0_b2_c1.jpg
5647,image_14162_p0_b2_c1.jpg,image_14162_p0_b0_c7.jpg
5648,image_14167_p0_b0_c7.jpg,image_14167_p0_b1_c0.jpg
5649,image_14167_p0_b1_c0.jpg,image_14167_p0_b0_c7.jpg
5650,image_14168_p0_b0_c7.jpg,image_14168_p0_b1_c0.jpg
5651,image_14168_p0_b1_c0.jpg,image_14168_p0_b0_c7.jpg
5652,image_14177_p0_b0_c7.jpg,image_14177_p0_b1_c0.jpg
5653,image_14177_p0_b1_c0.jpg,image_14177_p0_b0_c7.jpg
5654,image_14178_p0_b0_c7.jpg,image_14178_p0_b1_c0.jpg
5655,image_14178_p0_b1_c0.jpg,image_14178_p0_b0_c7.jpg
5656,image_14181_p0_b0_c7.jpg,image_14181_p0_b1_c0.jpg
5657,image_14181_p0_b1_c0.jpg,image_14181_p0_b0_c7.jpg
5658,image_14184_p0_b0_c7.jpg,image_14184_p0_b1_c0.jpg
5659,image_14184_p0_b1_c0.jpg,image_14184_p0_b0_c7.jpg
5660,image_14185_p0_b0_c7.jpg,image_14185_p0_b1_c0.jpg
5661,image_14185_p0_b1_c0.jpg,image_14185_p0_b0_c7.jpg
5662,image_14189_p0_b0_c7.jpg,image_14189_p0_b1_c0.jpg
5663,image_14189_p0_b1_c0.jpg,image_14189_p0_b0_c7.jpg
5664,image_14194_p0_b0_c7.jpg,image_14194_p0_b1_c0.jpg
5665,image_14194_p0_b1_c0.jpg,image_14194_p0_b0_c7.jpg
5666,image_14200_p0_b0_c7.jpg,image_14200_p0_b2_c0.jpg
5667,image_14200_p0_b2_c0.jpg,image_14200_p0_b0_c7.jpg
5668,image_14201_p0_b0_c7.jpg,image_14201_p0_b1_c0.jpg
5669,image_14201_p0_b1_c0.jpg,image_14201_p0_b0_c7.jpg
5670,image_14202_p0_b0_c0.jpg,image_14202_p0_b1_c6.jpg
5671,image_14202_p0_b1_c6.jpg,image_14202_p0_b0_c0.jpg
5672,image_14205_p0_b0_c7.jpg,image_14205_p0_b1_c0.jpg
5673,image_14205_p0_b1_c0.jpg,image_14205_p0_b0_c7.jpg
5674,image_14206_p0_b0_c7.jpg,image_14206_p0_b1_c0.jpg
5675,image_14206_p0_b1_c0.jpg,image_14206_p0_b0_c7.jpg
5676,image_14206_p3_b0_c7.jpg,image_14206_p3_b1_c0.jpg
5677,image_14206_p3_b1_c0.jpg,image_14206_p3_b0_c7.jpg
5678,image_14209_p0_b0_c7.jpg,image_14209_p0_b1_c0.jpg
5679,image_14209_p0_b1_c0.jpg,image_14209_p0_b0_c7.jpg
5680,image_14214_p0_b0_c7.jpg,image_14214_p0_b1_c0.jpg
5681,image_14214_p0_b1_c0.jpg,image_14214_p0_b0_c7.jpg
5682,image_14218_p0_b0_c7.jpg,image_14218_p0_b1_c0.jpg
5683,image_14218_p0_b1_c0.jpg,image_14218_p0_b0_c7.jpg
5684,image_14227_p0_b0_c7.jpg,image_14227_p0_b1_c0.jpg
5685,image_14227_p0_b1_c0.jpg,image_14227_p0_b0_c7.jpg
5686,image_14229_p0_b0_c7.jpg,image_14229_p0_b1_c0.jpg
5687,image_14229_p0_b1_c0.jpg,image_14229_p0_b0_c7.jpg
5688,image_14250_p0_b0_c7.jpg,image_14250_p0_b1_c0.jpg
5689,image_14250_p0_b1_c0.jpg,image_14250_p0_b0_c7.jpg
5690,image_14251_p0_b0_c7.jpg,image_14251_p0_b1_c0.jpg
5691,image_14251_p0_b1_c0.jpg,image_14251_p0_b0_c7.jpg
5692,image_14257_p0_b0_c7.jpg,image_14257_p0_b1_c0.jpg
5693,image_14257_p0_b1_c0.jpg,image_14257_p0_b0_c7.jpg
5694,image_14263_p0_b0_c7.jpg,image_14263_p0_b2_c0.jpg
5695,image_14263_p0_b2_c0.jpg,image_14263_p0_b0_c7.jpg
5696,image_14269_p0_b0_c7.jpg,image_14269_p0_b1_c0.jpg
5697,image_14269_p0_b1_c0.jpg,image_14269_p0_b0_c7.jpg
5698,image_14270_p0_b0_c7.jpg,image_14270_p0_b1_c0.jpg
5699,image_14270_p0_b1_c0.jpg,image_14270_p0_b0_c7.jpg
5700,image_14279_p0_b0_c7.jpg,image_14279_p0_b1_c0.jpg
5701,image_14279_p0_b1_c0.jpg,image_14279_p0_b0_c7.jpg
5702,image_14284_p0_b0_c7.jpg,image_14284_p0_b1_c0.jpg
5703,image_14284_p0_b1_c0.jpg,image_14284_p0_b0_c7.jpg
5704,image_14288_p0_b0_c7.jpg,image_14288_p0_b1_c0.jpg
5705,image_14288_p0_b1_c0.jpg,image_14288_p0_b0_c7.jpg
5706,image_14296_p0_b0_c7.jpg,image_14296_p0_b1_c0.jpg
5707,image_14296_p0_b1_c0.jpg,image_14296_p0_b0_c7.jpg
5708,image_14299_p0_b0_c7.jpg,image_14299_p0_b1_c0.jpg
5709,image_14299_p0_b1_c0.jpg,image_14299_p0_b0_c7.jpg
5710,image_14323_p0_b0_c7.jpg,image_14323_p0_b1_c0.jpg
5711,image_14323_p0_b1_c0.jpg,image_14323_p0_b0_c7.jpg
5712,image_14329_p0_b0_c7.jpg,image_14329_p0_b1_c0.jpg
5713,image_14329_p0_b1_c0.jpg,image_14329_p0_b0_c7.jpg
5714,image_14330_p0_b0_c7.jpg,image_14330_p0_b1_c0.jpg
5715,image_14330_p0_b1_c0.jpg,image_14330_p0_b0_c7.jpg
5716,image_14338_p0_b0_c7.jpg,image_14338_p0_b1_c0.jpg
5717,image_14338_p0_b1_c0.jpg,image_14338_p0_b0_c7.jpg
5718,image_14349_p0_b0_c6.jpg,image_14349_p0_b1_c0.jpg
5719,image_14349_p0_b1_c0.jpg,image_14349_p0_b0_c6.jpg
5720,image_14363_p0_b0_c7.jpg,image_14363_p0_b1_c0.jpg
5721,image_14363_p0_b1_c0.jpg,image_14363_p0_b0_c7.jpg
5722,image_14384_p0_b0_c0.jpg,image_14384_p0_b1_c8.jpg
5723,image_14384_p0_b1_c8.jpg,image_14384_p0_b0_c0.jpg
5724,image_14403_p0_b0_c7.jpg,image_14403_p0_b1_c0.jpg
5725,image_14403_p0_b1_c0.jpg,image_14403_p0_b0_c7.jpg
5726,image_14406_p0_b0_c7.jpg,image_14406_p0_b1_c0.jpg
5727,image_14406_p0_b1_c0.jpg,image_14406_p0_b0_c7.jpg
5728,image_14409_p0_b0_c7.jpg,image_14409_p0_b1_c0.jpg
5729,image_14409_p0_b1_c0.jpg,image_14409_p0_b0_c7.jpg
5730,image_14411_p0_b1_c6.jpg,image_14411_p0_b2_c0.jpg
5731,image_14411_p0_b2_c0.jpg,image_14411_p0_b1_c6.jpg
5732,image_14414_p0_b0_c7.jpg,image_14414_p0_b1_c0.jpg
5733,image_14414_p0_b1_c0.jpg,image_14414_p0_b0_c7.jpg
5734,image_14423_p0_b0_c7.jpg,image_14423_p0_b1_c0.jpg
5735,image_14423_p0_b1_c0.jpg,image_14423_p0_b0_c7.jpg
5736,image_14432_p0_b0_c7.jpg,image_14432_p0_b1_c0.jpg
5737,image_14432_p0_b1_c0.jpg,image_14432_p0_b0_c7.jpg
5738,image_14441_p0_b0_c7.jpg,image_14441_p0_b1_c0.jpg
5739,image_14441_p0_b1_c0.jpg,image_14441_p0_b0_c7.jpg
5740,image_14462_p0_b0_c7.jpg,image_14462_p0_b1_c0.jpg
5741,image_14462_p0_b1_c0.jpg,image_14462_p0_b0_c7.jpg
5742,image_14467_p0_b0_c7.jpg,image_14467_p0_b1_c0.jpg
5743,image_14467_p0_b1_c0.jpg,image_14467_p0_b0_c7.jpg
5744,image_14475_p0_b0_c7.jpg,image_14475_p0_b1_c0.jpg
5745,image_14475_p0_b1_c0.jpg,image_14475_p0_b0_c7.jpg
5746,image_14477_p0_b0_c7.jpg,image_14477_p0_b2_c0.jpg
5747,image_14477_p0_b2_c0.jpg,image_14477_p0_b0_c7.jpg
5748,image_14478_p0_b0_c7.jpg,image_14478_p0_b2_c0.jpg
5749,image_14478_p0_b2_c0.jpg,image_14478_p0_b0_c7.jpg
5750,image_14479_p0_b0_c7.jpg,image_14479_p0_b1_c0.jpg
5751,image_14479_p0_b1_c0.jpg,image_14479_p0_b0_c7.jpg
5752,image_14489_p0_b0_c7.jpg,image_14489_p0_b1_c0.jpg
5753,image_14489_p0_b1_c0.jpg,image_14489_p0_b0_c7.jpg
5754,image_14494_p0_b0_c7.jpg,image_14494_p0_b1_c0.jpg
5755,image_14494_p0_b1_c0.jpg,image_14494_p0_b0_c7.jpg
5756,image_14496_p0_b0_c7.jpg,image_14496_p0_b1_c0.jpg
5757,image_14496_p0_b1_c0.jpg,image_14496_p0_b0_c7.jpg
5758,image_14497_p0_b0_c6.jpg,image_14497_p0_b1_c0.jpg
5759,image_14497_p0_b1_c0.jpg,image_14497_p0_b0_c6.jpg
5760,image_14501_p0_b0_c6.jpg,image_14501_p0_b1_c1.jpg
5761,image_14501_p0_b1_c1.jpg,image_14501_p0_b0_c6.jpg
5762,image_14511_p0_b0_c0.jpg,image_14511_p0_b1_c7.jpg
5763,image_14511_p0_b1_c7.jpg,image_14511_p0_b0_c0.jpg
5764,image_14515_p0_b0_c7.jpg,image_14515_p0_b1_c0.jpg
5765,image_14515_p0_b1_c0.jpg,image_14515_p0_b0_c7.jpg
5766,image_14519_p0_b0_c7.jpg,image_14519_p0_b1_c0.jpg
5767,image_14519_p0_b1_c0.jpg,image_14519_p0_b0_c7.jpg
5768,image_14525_p0_b0_c7.jpg,image_14525_p0_b1_c0.jpg
5769,image_14525_p0_b1_c0.jpg,image_14525_p0_b0_c7.jpg
5770,image_14535_p0_b0_c7.jpg,image_14535_p0_b1_c0.jpg
5771,image_14535_p0_b1_c0.jpg,image_14535_p0_b0_c7.jpg
5772,image_14540_p0_b0_c7.jpg,image_14540_p0_b1_c0.jpg
5773,image_14540_p0_b1_c0.jpg,image_14540_p0_b0_c7.jpg
5774,image_14541_p0_b0_c7.jpg,image_14541_p0_b1_c0.jpg
5775,image_14541_p0_b1_c0.jpg,image_14541_p0_b0_c7.jpg
5776,image_14544_p0_b0_c7.jpg,image_14544_p0_b1_c0.jpg
5777,image_14544_p0_b1_c0.jpg,image_14544_p0_b0_c7.jpg
5778,image_14545_p0_b0_c7.jpg,image_14545_p0_b1_c0.jpg
5779,image_14545_p0_b1_c0.jpg,image_14545_p0_b0_c7.jpg
5780,image_14548_p0_b0_c7.jpg,image_14548_p0_b1_c0.jpg
5781,image_14548_p0_b1_c0.jpg,image_14548_p0_b0_c7.jpg
5782,image_14554_p0_b0_c7.jpg,image_14554_p0_b1_c0.jpg
5783,image_14554_p0_b1_c0.jpg,image_14554_p0_b0_c7.jpg
5784,image_14557_p0_b0_c7.jpg,image_14557_p0_b1_c0.jpg
5785,image_14557_p0_b1_c0.jpg,image_14557_p0_b0_c7.jpg
5786,image_14558_p0_b0_c0.jpg,image_14558_p0_b1_c7.jpg
5787,image_14558_p0_b1_c7.jpg,image_14558_p0_b0_c0.jpg
5788,image_14569_p0_b0_c7.jpg,image_14569_p0_b2_c0.jpg
5789,image_14569_p0_b2_c0.jpg,image_14569_p0_b0_c7.jpg
5790,image_14571_p0_b0_c7.jpg,image_14571_p0_b1_c0.jpg
5791,image_14571_p0_b1_c0.jpg,image_14571_p0_b0_c7.jpg
5792,image_14582_p0_b0_c7.jpg,image_14582_p0_b1_c0.jpg
5793,image_14582_p0_b1_c0.jpg,image_14582_p0_b0_c7.jpg
5794,image_14585_p0_b0_c0.jpg,image_14585_p0_b1_c7.jpg
5795,image_14585_p0_b1_c7.jpg,image_14585_p0_b0_c0.jpg
5796,image_14586_p0_b1_c8.jpg,image_14586_p0_b2_c0.jpg
5797,image_14586_p0_b2_c0.jpg,image_14586_p0_b1_c8.jpg
5798,image_14595_p0_b0_c7.jpg,image_14595_p0_b1_c0.jpg
5799,image_14595_p0_b1_c0.jpg,image_14595_p0_b0_c7.jpg
5800,image_14604_p0_b0_c7.jpg,image_14604_p0_b1_c0.jpg
5801,image_14604_p0_b1_c0.jpg,image_14604_p0_b0_c7.jpg
5802,image_14610_p0_b0_c7.jpg,image_14610_p0_b1_c0.jpg
5803,image_14610_p0_b1_c0.jpg,image_14610_p0_b0_c7.jpg
5804,image_14617_p0_b0_c7.jpg,image_14617_p0_b1_c0.jpg
5805,image_14617_p0_b1_c0.jpg,image_14617_p0_b0_c7.jpg
5806,image_14647_p0_b0_c7.jpg,image_14647_p0_b1_c0.jpg
5807,image_14647_p0_b1_c0.jpg,image_14647_p0_b0_c7.jpg
5808,image_14665_p0_b0_c7.jpg,image_14665_p0_b1_c0.jpg
5809,image_14665_p0_b1_c0.jpg,image_14665_p0_b0_c7.jpg
5810,image_14666_p0_b0_c7.jpg,image_14666_p0_b1_c0.jpg
5811,image_14666_p0_b1_c0.jpg,image_14666_p0_b0_c7.jpg
5812,image_14667_p0_b0_c7.jpg,image_14667_p0_b1_c0.jpg
5813,image_14667_p0_b1_c0.jpg,image_14667_p0_b0_c7.jpg
5814,image_14668_p0_b0_c7.jpg,image_14668_p0_b1_c0.jpg
5815,image_14668_p0_b1_c0.jpg,image_14668_p0_b0_c7.jpg
5816,image_14685_p0_b0_c7.jpg,image_14685_p0_b1_c0.jpg
5817,image_14685_p0_b1_c0.jpg,image_14685_p0_b0_c7.jpg
5818,image_14697_p0_b0_c6.jpg,image_14697_p0_b1_c0.jpg
5819,image_14697_p0_b1_c0.jpg,image_14697_p0_b0_c6.jpg
5820,image_14702_p0_b0_c7.jpg,image_14702_p0_b1_c0.jpg
5821,image_14702_p0_b1_c0.jpg,image_14702_p0_b0_c7.jpg
5822,image_14716_p0_b0_c7.jpg,image_14716_p0_b1_c0.jpg
5823,image_14716_p0_b1_c0.jpg,image_14716_p0_b0_c7.jpg
5824,image_14724_p0_b1_c0.jpg,image_14724_p0_b2_c7.jpg
5825,image_14724_p0_b2_c7.jpg,image_14724_p0_b1_c0.jpg
5826,image_14738_p0_b0_c7.jpg,image_14738_p0_b1_c0.jpg
5827,image_14738_p0_b1_c0.jpg,image_14738_p0_b0_c7.jpg
5828,image_14739_p1_b0_c7.jpg,image_14739_p1_b1_c0.jpg
5829,image_14739_p1_b1_c0.jpg,image_14739_p1_b0_c7.jpg
5830,image_14761_p0_b0_c7.jpg,image_14761_p0_b1_c0.jpg
5831,image_14761_p0_b1_c0.jpg,image_14761_p0_b0_c7.jpg
5832,image_14762_p0_b0_c7.jpg,image_14762_p0_b1_c0.jpg
5833,image_14762_p0_b1_c0.jpg,image_14762_p0_b0_c7.jpg
5834,image_14763_p0_b0_c7.jpg,image_14763_p0_b1_c0.jpg
5835,image_14763_p0_b1_c0.jpg,image_14763_p0_b0_c7.jpg
5836,image_14766_p0_b1_c6.jpg,image_14766_p0_b2_c0.jpg
5837,image_14766_p0_b2_c0.jpg,image_14766_p0_b1_c6.jpg
5838,image_14780_p0_b0_c7.jpg,image_14780_p0_b1_c0.jpg
5839,image_14780_p0_b1_c0.jpg,image_14780_p0_b0_c7.jpg
5840,image_14781_p0_b0_c7.jpg,image_14781_p0_b1_c0.jpg
5841,image_14781_p0_b1_c0.jpg,image_14781_p0_b0_c7.jpg
5842,image_14783_p0_b0_c7.jpg,image_14783_p0_b1_c0.jpg
5843,image_14783_p0_b1_c0.jpg,image_14783_p0_b0_c7.jpg
5844,image_14784_p0_b0_c7.jpg,image_14784_p0_b1_c0.jpg
5845,image_14784_p0_b1_c0.jpg,image_14784_p0_b0_c7.jpg
5846,image_14787_p0_b0_c7.jpg,image_14787_p0_b1_c0.jpg
5847,image_14787_p0_b1_c0.jpg,image_14787_p0_b0_c7.jpg
5848,image_14793_p0_b0_c7.jpg,image_14793_p0_b1_c0.jpg
5849,image_14793_p0_b1_c0.jpg,image_14793_p0_b0_c7.jpg
5850,image_14794_p0_b0_c7.jpg,image_14794_p0_b2_c1.jpg
5851,image_14794_p0_b2_c1.jpg,image_14794_p0_b0_c7.jpg
5852,image_14797_p0_b0_c7.jpg,image_14797_p0_b1_c0.jpg
5853,image_14797_p0_b1_c0.jpg,image_14797_p0_b0_c7.jpg
5854,image_14821_p0_b0_c7.jpg,image_14821_p0_b1_c0.jpg
5855,image_14821_p0_b1_c0.jpg,image_14821_p0_b0_c7.jpg
5856,image_14828_p0_b0_c7.jpg,image_14828_p0_b1_c0.jpg
5857,image_14828_p0_b1_c0.jpg,image_14828_p0_b0_c7.jpg
5858,image_14831_p0_b0_c7.jpg,image_14831_p0_b1_c0.jpg
5859,image_14831_p0_b1_c0.jpg,image_14831_p0_b0_c7.jpg
5860,image_14837_p0_b0_c7.jpg,image_14837_p0_b1_c0.jpg
5861,image_14837_p0_b1_c0.jpg,image_14837_p0_b0_c7.jpg
5862,image_14839_p0_b0_c7.jpg,image_14839_p0_b1_c0.jpg
5863,image_14839_p0_b1_c0.jpg,image_14839_p0_b0_c7.jpg
5864,image_14841_p0_b0_c7.jpg,image_14841_p0_b2_c0.jpg
5865,image_14841_p0_b2_c0.jpg,image_14841_p0_b0_c7.jpg
5866,image_14843_p0_b0_c0.jpg,image_14843_p0_b1_c6.jpg
5867,image_14843_p0_b1_c6.jpg,image_14843_p0_b0_c0.jpg
5868,image_14846_p0_b0_c7.jpg,image_14846_p0_b1_c0.jpg
5869,image_14846_p0_b1_c0.jpg,image_14846_p0_b0_c7.jpg
5870,image_14850_p0_b0_c7.jpg,image_14850_p0_b1_c0.jpg
5871,image_14850_p0_b1_c0.jpg,image_14850_p0_b0_c7.jpg
5872,image_14855_p0_b0_c6.jpg,image_14855_p0_b2_c0.jpg
5873,image_14855_p0_b2_c0.jpg,image_14855_p0_b0_c6.jpg
5874,image_14857_p0_b0_c6.jpg,image_14857_p0_b1_c0.jpg
5875,image_14857_p0_b1_c0.jpg,image_14857_p0_b0_c6.jpg
5876,image_14864_p0_b0_c7.jpg,image_14864_p0_b1_c7.jpg
5877,image_14864_p0_b1_c7.jpg,image_14864_p0_b0_c7.jpg
5878,image_14865_p0_b0_c7.jpg,image_14865_p0_b1_c0.jpg
5879,image_14865_p0_b1_c0.jpg,image_14865_p0_b0_c7.jpg
5880,image_14867_p0_b0_c7.jpg,image_14867_p0_b1_c0.jpg
5881,image_14867_p0_b1_c0.jpg,image_14867_p0_b0_c7.jpg
5882,image_14880_p0_b0_c7.jpg,image_14880_p0_b1_c0.jpg
5883,image_14880_p0_b1_c0.jpg,image_14880_p0_b0_c7.jpg
5884,image_14894_p0_b0_c0.jpg,image_14894_p0_b1_c8.jpg
5885,image_14894_p0_b1_c8.jpg,image_14894_p0_b0_c0.jpg
5886,image_14895_p0_b0_c7.jpg,image_14895_p0_b1_c0.jpg
5887,image_14895_p0_b1_c0.jpg,image_14895_p0_b0_c7.jpg
5888,image_14901_p0_b0_c7.jpg,image_14901_p0_b1_c0.jpg
5889,image_14901_p0_b1_c0.jpg,image_14901_p0_b0_c7.jpg
5890,image_14901_p1_b0_c7.jpg,image_14901_p1_b1_c0.jpg
5891,image_14901_p1_b1_c0.jpg,image_14901_p1_b0_c7.jpg
5892,image_14901_p2_b0_c7.jpg,image_14901_p2_b1_c0.jpg
5893,image_14901_p2_b1_c0.jpg,image_14901_p2_b0_c7.jpg
5894,image_14901_p3_b0_c7.jpg,image_14901_p3_b1_c0.jpg
5895,image_14901_p3_b1_c0.jpg,image_14901_p3_b0_c7.jpg
5896,image_14903_p0_b0_c7.jpg,image_14903_p0_b1_c1.jpg
5897,image_14903_p0_b1_c1.jpg,image_14903_p0_b0_c7.jpg
5898,image_14906_p0_b0_c7.jpg,image_14906_p0_b1_c0.jpg
5899,image_14906_p0_b1_c0.jpg,image_14906_p0_b0_c7.jpg
5900,image_14909_p0_b0_c7.jpg,image_14909_p0_b1_c0.jpg
5901,image_14909_p0_b1_c0.jpg,image_14909_p0_b0_c7.jpg
5902,image_14913_p0_b0_c7.jpg,image_14913_p0_b1_c0.jpg
5903,image_14913_p0_b1_c0.jpg,image_14913_p0_b0_c7.jpg
5904,image_14916_p0_b0_c0.jpg,image_14916_p0_b1_c7.jpg
5905,image_14916_p0_b1_c7.jpg,image_14916_p0_b0_c0.jpg
5906,image_14918_p0_b0_c7.jpg,image_14918_p0_b1_c0.jpg
5907,image_14918_p0_b1_c0.jpg,image_14918_p0_b0_c7.jpg
5908,image_14921_p0_b0_c7.jpg,image_14921_p0_b1_c0.jpg
5909,image_14921_p0_b1_c0.jpg,image_14921_p0_b0_c7.jpg
5910,image_14922_p0_b0_c7.jpg,image_14922_p0_b1_c0.jpg
5911,image_14922_p0_b1_c0.jpg,image_14922_p0_b0_c7.jpg
5912,image_14923_p0_b0_c7.jpg,image_14923_p0_b2_c0.jpg
5913,image_14923_p0_b2_c0.jpg,image_14923_p0_b0_c7.jpg
5914,image_14926_p0_b0_c7.jpg,image_14926_p0_b1_c0.jpg
5915,image_14926_p0_b1_c0.jpg,image_14926_p0_b0_c7.jpg
5916,image_14929_p0_b0_c0.jpg,image_14929_p0_b1_c7.jpg
5917,image_14929_p0_b1_c7.jpg,image_14929_p0_b0_c0.jpg
5918,image_14930_p0_b0_c7.jpg,image_14930_p0_b1_c0.jpg
5919,image_14930_p0_b1_c0.jpg,image_14930_p0_b0_c7.jpg
5920,image_14934_p0_b0_c0.jpg,image_14934_p0_b1_c7.jpg
5921,image_14934_p0_b1_c7.jpg,image_14934_p0_b0_c0.jpg
5922,image_14939_p0_b0_c7.jpg,image_14939_p0_b1_c0.jpg
5923,image_14939_p0_b1_c0.jpg,image_14939_p0_b0_c7.jpg
5924,image_14943_p0_b0_c7.jpg,image_14943_p0_b1_c0.jpg
5925,image_14943_p0_b1_c0.jpg,image_14943_p0_b0_c7.jpg
5926,image_14944_p0_b0_c7.jpg,image_14944_p0_b1_c0.jpg
5927,image_14944_p0_b1_c0.jpg,image_14944_p0_b0_c7.jpg
5928,image_14947_p0_b0_c7.jpg,image_14947_p0_b2_c0.jpg
5929,image_14947_p0_b2_c0.jpg,image_14947_p0_b0_c7.jpg
5930,image_14951_p0_b0_c7.jpg,image_14951_p0_b1_c0.jpg
5931,image_14951_p0_b1_c0.jpg,image_14951_p0_b0_c7.jpg
5932,image_14955_p0_b0_c7.jpg,image_14955_p0_b1_c0.jpg
5933,image_14955_p0_b1_c0.jpg,image_14955_p0_b0_c7.jpg
5934,image_14956_p0_b0_c0.jpg,image_14956_p0_b1_c7.jpg
5935,image_14956_p0_b1_c7.jpg,image_14956_p0_b0_c0.jpg
5936,image_14958_p0_b0_c7.jpg,image_14958_p0_b1_c0.jpg
5937,image_14958_p0_b1_c0.jpg,image_14958_p0_b0_c7.jpg
5938,image_14959_p0_b0_c7.jpg,image_14959_p0_b2_c0.jpg
5939,image_14959_p0_b2_c0.jpg,image_14959_p0_b0_c7.jpg
5940,image_14961_p0_b0_c7.jpg,image_14961_p0_b1_c0.jpg
5941,image_14961_p0_b1_c0.jpg,image_14961_p0_b0_c7.jpg
5942,image_14964_p0_b0_c6.jpg,image_14964_p0_b1_c0.jpg
5943,image_14964_p0_b1_c0.jpg,image_14964_p0_b0_c6.jpg
5944,image_14965_p0_b0_c7.jpg,image_14965_p0_b1_c0.jpg
5945,image_14965_p0_b1_c0.jpg,image_14965_p0_b0_c7.jpg
5946,image_14968_p0_b0_c0.jpg,image_14968_p0_b1_c7.jpg
5947,image_14968_p0_b1_c7.jpg,image_14968_p0_b0_c0.jpg
5948,image_14970_p0_b0_c7.jpg,image_14970_p0_b1_c0.jpg
5949,image_14970_p0_b1_c0.jpg,image_14970_p0_b0_c7.jpg
5950,image_14977_p0_b0_c7.jpg,image_14977_p0_b1_c0.jpg
5951,image_14977_p0_b1_c0.jpg,image_14977_p0_b0_c7.jpg
5952,image_14982_p0_b0_c7.jpg,image_14982_p0_b1_c0.jpg
5953,image_14982_p0_b1_c0.jpg,image_14982_p0_b0_c7.jpg
5954,image_14986_p0_b0_c7.jpg,image_14986_p0_b1_c0.jpg
5955,image_14986_p0_b1_c0.jpg,image_14986_p0_b0_c7.jpg
5956,image_14989_p0_b0_c7.jpg,image_14989_p0_b1_c0.jpg
5957,image_14989_p0_b1_c0.jpg,image_14989_p0_b0_c7.jpg
5958,image_14994_p0_b0_c7.jpg,image_14994_p0_b1_c0.jpg
5959,image_14994_p0_b1_c0.jpg,image_14994_p0_b0_c7.jpg
5960,image_15009_p0_b0_c7.jpg,image_15009_p0_b2_c0.jpg
5961,image_15009_p0_b2_c0.jpg,image_15009_p0_b0_c7.jpg
5962,image_15017_p0_b0_c7.jpg,image_15017_p0_b1_c0.jpg
5963,image_15017_p0_b1_c0.jpg,image_15017_p0_b0_c7.jpg
5964,image_15026_p0_b0_c7.jpg,image_15026_p0_b2_c0.jpg
5965,image_15026_p0_b2_c0.jpg,image_15026_p0_b0_c7.jpg
5966,image_15032_p0_b0_c0.jpg,image_15032_p0_b1_c6.jpg
5967,image_15032_p0_b1_c6.jpg,image_15032_p0_b0_c0.jpg
5968,image_15033_p0_b0_c6.jpg,image_15033_p0_b1_c0.jpg
5969,image_15033_p0_b1_c0.jpg,image_15033_p0_b0_c6.jpg
5970,image_15037_p0_b1_c0.jpg,image_15037_p0_b2_c8.jpg
5971,image_15037_p0_b2_c8.jpg,image_15037_p0_b1_c0.jpg
5972,image_15038_p0_b0_c7.jpg,image_15038_p0_b1_c0.jpg
5973,image_15038_p0_b1_c0.jpg,image_15038_p0_b0_c7.jpg
5974,image_15040_p0_b0_c7.jpg,image_15040_p0_b1_c0.jpg
5975,image_15040_p0_b1_c0.jpg,image_15040_p0_b0_c7.jpg
5976,image_15046_p0_b0_c7.jpg,image_15046_p0_b1_c0.jpg
5977,image_15046_p0_b1_c0.jpg,image_15046_p0_b0_c7.jpg
5978,image_15058_p0_b0_c7.jpg,image_15058_p0_b1_c0.jpg
5979,image_15058_p0_b1_c0.jpg,image_15058_p0_b0_c7.jpg
5980,image_15060_p0_b0_c7.jpg,image_15060_p0_b1_c0.jpg
5981,image_15060_p0_b1_c0.jpg,image_15060_p0_b0_c7.jpg
5982,image_15063_p0_b0_c7.jpg,image_15063_p0_b1_c0.jpg
5983,image_15063_p0_b1_c0.jpg,image_15063_p0_b0_c7.jpg
5984,image_15069_p0_b0_c7.jpg,image_15069_p0_b1_c0.jpg
5985,image_15069_p0_b1_c0.jpg,image_15069_p0_b0_c7.jpg
5986,image_15077_p0_b0_c7.jpg,image_15077_p0_b1_c0.jpg
5987,image_15077_p0_b1_c0.jpg,image_15077_p0_b0_c7.jpg
5988,image_15078_p0_b0_c7.jpg,image_15078_p0_b2_c0.jpg
5989,image_15078_p0_b2_c0.jpg,image_15078_p0_b0_c7.jpg
5990,image_15079_p0_b0_c7.jpg,image_15079_p0_b1_c0.jpg
5991,image_15079_p0_b1_c0.jpg,image_15079_p0_b0_c7.jpg
5992,image_15089_p0_b0_c7.jpg,image_15089_p0_b1_c0.jpg
5993,image_15089_p0_b1_c0.jpg,image_15089_p0_b0_c7.jpg
5994,image_15090_p0_b0_c7.jpg,image_15090_p0_b2_c0.jpg
5995,image_15090_p0_b2_c0.jpg,image_15090_p0_b0_c7.jpg
5996,image_15091_p0_b0_c7.jpg,image_15091_p0_b1_c0.jpg
5997,image_15091_p0_b1_c0.jpg,image_15091_p0_b0_c7.jpg
5998,image_15114_p0_b0_c7.jpg,image_15114_p0_b1_c0.jpg
5999,image_15114_p0_b1_c0.jpg,image_15114_p0_b0_c7.jpg
6000,image_15126_p0_b0_c7.jpg,image_15126_p0_b1_c0.jpg
6001,image_15126_p0_b1_c0.jpg,image_15126_p0_b0_c7.jpg
6002,image_15134_p0_b0_c7.jpg,image_15134_p0_b1_c0.jpg
6003,image_15134_p0_b1_c0.jpg,image_15134_p0_b0_c7.jpg
6004,image_15138_p0_b0_c7.jpg,image_15138_p0_b1_c0.jpg
6005,image_15138_p0_b1_c0.jpg,image_15138_p0_b0_c7.jpg
6006,image_15142_p0_b0_c7.jpg,image_15142_p0_b1_c0.jpg
6007,image_15142_p0_b1_c0.jpg,image_15142_p0_b0_c7.jpg
6008,image_15144_p1_b0_c7.jpg,image_15144_p1_b1_c0.jpg
6009,image_15144_p1_b1_c0.jpg,image_15144_p1_b0_c7.jpg
6010,image_15146_p0_b0_c7.jpg,image_15146_p0_b1_c0.jpg
6011,image_15146_p0_b1_c0.jpg,image_15146_p0_b0_c7.jpg
6012,image_15151_p0_b0_c7.jpg,image_15151_p0_b1_c0.jpg
6013,image_15151_p0_b1_c0.jpg,image_15151_p0_b0_c7.jpg
6014,image_15153_p0_b0_c7.jpg,image_15153_p0_b1_c0.jpg
6015,image_15153_p0_b1_c0.jpg,image_15153_p0_b0_c7.jpg
6016,image_15160_p0_b0_c7.jpg,image_15160_p0_b1_c0.jpg
6017,image_15160_p0_b1_c0.jpg,image_15160_p0_b0_c7.jpg
6018,image_15164_p0_b0_c7.jpg,image_15164_p0_b2_c0.jpg
6019,image_15164_p0_b2_c0.jpg,image_15164_p0_b0_c7.jpg
6020,image_15167_p0_b0_c7.jpg,image_15167_p0_b1_c0.jpg
6021,image_15167_p0_b1_c0.jpg,image_15167_p0_b0_c7.jpg
6022,image_15168_p1_b1_c6.jpg,image_15168_p1_b2_c0.jpg
6023,image_15168_p1_b2_c0.jpg,image_15168_p1_b1_c6.jpg
6024,image_15168_p2_b0_c7.jpg,image_15168_p2_b3_c0.jpg
6025,image_15168_p2_b3_c0.jpg,image_15168_p2_b0_c7.jpg
6026,image_15169_p0_b0_c7.jpg,image_15169_p0_b1_c0.jpg
6027,image_15169_p0_b1_c0.jpg,image_15169_p0_b0_c7.jpg
6028,image_15171_p0_b0_c7.jpg,image_15171_p0_b1_c0.jpg
6029,image_15171_p0_b1_c0.jpg,image_15171_p0_b0_c7.jpg
6030,image_15174_p0_b0_c7.jpg,image_15174_p0_b1_c0.jpg
6031,image_15174_p0_b1_c0.jpg,image_15174_p0_b0_c7.jpg
6032,image_15180_p0_b0_c7.jpg,image_15180_p0_b1_c0.jpg
6033,image_15180_p0_b1_c0.jpg,image_15180_p0_b0_c7.jpg
6034,image_15188_p1_b0_c7.jpg,image_15188_p1_b1_c0.jpg
6035,image_15188_p1_b1_c0.jpg,image_15188_p1_b0_c7.jpg
6036,image_15193_p0_b0_c7.jpg,image_15193_p0_b1_c0.jpg
6037,image_15193_p0_b1_c0.jpg,image_15193_p0_b0_c7.jpg
6038,image_15200_p0_b0_c7.jpg,image_15200_p0_b1_c0.jpg
6039,image_15200_p0_b1_c0.jpg,image_15200_p0_b0_c7.jpg
6040,image_15201_p0_b0_c7.jpg,image_15201_p0_b3_c0.jpg
6041,image_15201_p0_b3_c0.jpg,image_15201_p0_b0_c7.jpg
6042,image_15209_p0_b0_c7.jpg,image_15209_p0_b1_c0.jpg
6043,image_15209_p0_b1_c0.jpg,image_15209_p0_b0_c7.jpg
6044,image_15210_p0_b0_c7.jpg,image_15210_p0_b1_c0.jpg
6045,image_15210_p0_b1_c0.jpg,image_15210_p0_b0_c7.jpg
6046,image_15212_p0_b0_c7.jpg,image_15212_p0_b1_c0.jpg
6047,image_15212_p0_b1_c0.jpg,image_15212_p0_b0_c7.jpg
6048,image_15214_p0_b0_c7.jpg,image_15214_p0_b2_c0.jpg
6049,image_15214_p0_b2_c0.jpg,image_15214_p0_b0_c7.jpg
6050,image_15218_p0_b0_c7.jpg,image_15218_p0_b1_c0.jpg
6051,image_15218_p0_b1_c0.jpg,image_15218_p0_b0_c7.jpg
6052,image_15219_p0_b0_c7.jpg,image_15219_p0_b1_c0.jpg
6053,image_15219_p0_b1_c0.jpg,image_15219_p0_b0_c7.jpg
6054,image_15221_p0_b0_c7.jpg,image_15221_p0_b1_c0.jpg
6055,image_15221_p0_b1_c0.jpg,image_15221_p0_b0_c7.jpg
6056,image_15228_p1_b0_c7.jpg,image_15228_p1_b1_c0.jpg
6057,image_15228_p1_b1_c0.jpg,image_15228_p1_b0_c7.jpg
6058,image_15240_p0_b0_c7.jpg,image_15240_p0_b3_c0.jpg
6059,image_15240_p0_b3_c0.jpg,image_15240_p0_b0_c7.jpg
6060,image_15244_p0_b0_c7.jpg,image_15244_p0_b1_c0.jpg
6061,image_15244_p0_b1_c0.jpg,image_15244_p0_b0_c7.jpg
6062,image_15245_p0_b0_c7.jpg,image_15245_p0_b2_c0.jpg
6063,image_15245_p0_b2_c0.jpg,image_15245_p0_b0_c7.jpg
6064,image_15252_p0_b0_c7.jpg,image_15252_p0_b1_c0.jpg
6065,image_15252_p0_b1_c0.jpg,image_15252_p0_b0_c7.jpg
6066,image_15254_p0_b0_c7.jpg,image_15254_p0_b1_c0.jpg
6067,image_15254_p0_b1_c0.jpg,image_15254_p0_b0_c7.jpg
6068,image_15257_p0_b0_c7.jpg,image_15257_p0_b1_c0.jpg
6069,image_15257_p0_b1_c0.jpg,image_15257_p0_b0_c7.jpg
6070,image_15263_p0_b0_c7.jpg,image_15263_p0_b1_c0.jpg
6071,image_15263_p0_b1_c0.jpg,image_15263_p0_b0_c7.jpg
6072,image_15264_p0_b0_c7.jpg,image_15264_p0_b2_c0.jpg
6073,image_15264_p0_b2_c0.jpg,image_15264_p0_b0_c7.jpg
6074,image_15269_p0_b0_c7.jpg,image_15269_p0_b1_c0.jpg
6075,image_15269_p0_b1_c0.jpg,image_15269_p0_b0_c7.jpg
6076,image_15270_p0_b1_c0.jpg,image_15270_p0_b2_c6.jpg
6077,image_15270_p0_b2_c6.jpg,image_15270_p0_b1_c0.jpg
6078,image_15273_p0_b0_c7.jpg,image_15273_p0_b1_c0.jpg
6079,image_15273_p0_b1_c0.jpg,image_15273_p0_b0_c7.jpg
6080,image_15277_p0_b0_c7.jpg,image_15277_p0_b1_c0.jpg
6081,image_15277_p0_b1_c0.jpg,image_15277_p0_b0_c7.jpg
6082,image_15282_p0_b0_c7.jpg,image_15282_p0_b1_c0.jpg
6083,image_15282_p0_b1_c0.jpg,image_15282_p0_b0_c7.jpg
6084,image_15291_p0_b0_c7.jpg,image_15291_p0_b1_c0.jpg
6085,image_15291_p0_b1_c0.jpg,image_15291_p0_b0_c7.jpg
6086,image_15292_p0_b0_c7.jpg,image_15292_p0_b1_c11.jpg
6087,image_15292_p0_b1_c11.jpg,image_15292_p0_b0_c7.jpg
6088,image_15293_p0_b0_c7.jpg,image_15293_p0_b1_c0.jpg
6089,image_15293_p0_b1_c0.jpg,image_15293_p0_b0_c7.jpg
6090,image_15296_p0_b0_c7.jpg,image_15296_p0_b1_c0.jpg
6091,image_15296_p0_b1_c0.jpg,image_15296_p0_b0_c7.jpg
6092,image_15298_p0_b0_c7.jpg,image_15298_p0_b1_c0.jpg
6093,image_15298_p0_b1_c0.jpg,image_15298_p0_b0_c7.jpg
6094,image_15315_p0_b0_c7.jpg,image_15315_p0_b1_c0.jpg
6095,image_15315_p0_b1_c0.jpg,image_15315_p0_b0_c7.jpg
6096,image_15324_p0_b0_c7.jpg,image_15324_p0_b1_c0.jpg
6097,image_15324_p0_b1_c0.jpg,image_15324_p0_b0_c7.jpg
6098,image_15328_p0_b0_c7.jpg,image_15328_p0_b2_c0.jpg
6099,image_15328_p0_b2_c0.jpg,image_15328_p0_b0_c7.jpg
6100,image_15335_p0_b1_c7.jpg,image_15335_p0_b2_c0.jpg
6101,image_15335_p0_b2_c0.jpg,image_15335_p0_b1_c7.jpg
6102,image_15345_p0_b0_c7.jpg,image_15345_p0_b1_c0.jpg
6103,image_15345_p0_b1_c0.jpg,image_15345_p0_b0_c7.jpg
6104,image_15347_p0_b0_c7.jpg,image_15347_p0_b1_c0.jpg
6105,image_15347_p0_b1_c0.jpg,image_15347_p0_b0_c7.jpg
6106,image_15353_p0_b0_c7.jpg,image_15353_p0_b1_c0.jpg
6107,image_15353_p0_b1_c0.jpg,image_15353_p0_b0_c7.jpg
6108,image_15357_p0_b0_c7.jpg,image_15357_p0_b1_c0.jpg
6109,image_15357_p0_b1_c0.jpg,image_15357_p0_b0_c7.jpg
6110,image_15366_p0_b0_c7.jpg,image_15366_p0_b1_c0.jpg
6111,image_15366_p0_b1_c0.jpg,image_15366_p0_b0_c7.jpg
6112,image_15376_p0_b0_c7.jpg,image_15376_p0_b1_c0.jpg
6113,image_15376_p0_b1_c0.jpg,image_15376_p0_b0_c7.jpg
6114,image_15388_p0_b0_c7.jpg,image_15388_p0_b2_c0.jpg
6115,image_15388_p0_b2_c0.jpg,image_15388_p0_b0_c7.jpg
6116,image_15405_p0_b0_c7.jpg,image_15405_p0_b1_c0.jpg
6117,image_15405_p0_b1_c0.jpg,image_15405_p0_b0_c7.jpg
6118,image_15408_p0_b0_c7.jpg,image_15408_p0_b1_c0.jpg
6119,image_15408_p0_b1_c0.jpg,image_15408_p0_b0_c7.jpg
6120,image_15410_p0_b0_c0.jpg,image_15410_p0_b1_c6.jpg
6121,image_15410_p0_b1_c6.jpg,image_15410_p0_b0_c0.jpg
6122,image_15423_p0_b0_c7.jpg,image_15423_p0_b1_c0.jpg
6123,image_15423_p0_b1_c0.jpg,image_15423_p0_b0_c7.jpg
6124,image_15433_p0_b0_c7.jpg,image_15433_p0_b1_c0.jpg
6125,image_15433_p0_b1_c0.jpg,image_15433_p0_b0_c7.jpg
6126,image_15436_p0_b0_c7.jpg,image_15436_p0_b2_c0.jpg
6127,image_15436_p0_b2_c0.jpg,image_15436_p0_b0_c7.jpg
6128,image_15441_p0_b0_c7.jpg,image_15441_p0_b1_c0.jpg
6129,image_15441_p0_b1_c0.jpg,image_15441_p0_b0_c7.jpg
6130,image_15442_p0_b0_c7.jpg,image_15442_p0_b2_c0.jpg
6131,image_15442_p0_b2_c0.jpg,image_15442_p0_b0_c7.jpg
6132,image_15479_p0_b0_c7.jpg,image_15479_p0_b1_c0.jpg
6133,image_15479_p0_b1_c0.jpg,image_15479_p0_b0_c7.jpg
6134,image_15483_p0_b0_c7.jpg,image_15483_p0_b1_c0.jpg
6135,image_15483_p0_b1_c0.jpg,image_15483_p0_b0_c7.jpg
6136,image_15484_p0_b0_c7.jpg,image_15484_p0_b1_c0.jpg
6137,image_15484_p0_b1_c0.jpg,image_15484_p0_b0_c7.jpg
